1 1 1 1 1
8 8 8 8 8
8 8 9 9 9
9 9 9 9 9
9 9 7 7 7
1 1 1 1 8
8 8 8 8 8
8 8 9 9 9
9 9 9 9 9
9 9 7 7 7
1 1 1 1 8
8 8 8 8 8
8 9 9 9 9
9 9 9 9 9
9 9 7 7 7
9 9 9 5 8
8 8 0 0 0
9 9 9 9 9
9 9 9 9 9
0 0 0 0 7
9 9 9 5 1
0 0 0 0 5
9 9 9 9 9
9 9 9 9 0
0 0 0 0 0
9 9 9 9 9
9 9 0 5 9
4 4 9 9 9
9 9 9 0 0
0 0 0 0 0
9 9 9 9 9
9 9 9 9 9
4 4 4 9 9
9 9 9 0 0
0 8 8 8 8
4 9 9 9 9
9 9 9 9 9
9 4 9 9 9
9 9 9 9 8
8 8 8 8 8
9 4 4 4 4
4 9 9 9 9
0 9 9 9 9
9 9 9 0 0
8 8 8 8 9
9 9 4 4 4
4 0 0 0 0
0 9 9 9 9
9 9 9 0 0
8 8 8 1 1
9 9 9 4 4
4 4 0 0 0
0 0 7 9 9
9 9 9 0 0
0 9 8 1 1
9 9 9 4 4
4 8 8 0 0
0 7 7 9 9
9 9 0 0 0
9 9 9 9 1
9 9 9 9 4
8 8 8 8 0
7 7 7 9 9
9 9 0 0 0
9 9 9 9 9
9 9 9 9 9
8 8 8 8 8
7 7 7 9 9
9 9 0 0 0
9 9 9 9 9
9 9 9 9 0
0 8 8 8 8
8 8 7 9 9
9 0 0 0 9
9 9 9 9 9
9 9 9 0 0
0 0 8 8 8
8 8 8 5 5
4 4 4 4 9
9 9 9 9 9
9 9 9 9 0
0 0 7 8 8
8 8 8 5 4
4 4 4 4 9
9 9 9 9 7
9 9 9 0 8
0 0 0 0 0
8 8 8 4 4
4 4 4 4 9
9 9 7 7 7
0 0 0 0 0
0 0 0 0 0
0 4 4 4 4
4 4 4 4 9
9 9 7 7 7
0 0 0 0 0
0 0 0 0 0
4 4 4 4 4
4 4 4 4 4
9 7 7 7 7
0 0 0 0 1
0 0 0 0 8
8 8 8 8 8
8 4 4 4 4
7 7 7 7 7
0 0 0 0 1
0 0 0 0 8
8 8 8 8 8
8 8 4 4 4
7 7 7 7 7
9 9 0 5 0
0 0 0 0 8
8 8 8 8 8
8 8 8 8 7
7 7 7 7 7
9 9 9 0 0
0 9 9 8 9
9 9 9 8 8
8 8 8 8 7
7 7 7 7 7
9 9 9 0 0
0 9 9 9 9
9 9 9 9 9
8 8 8 8 7
7 7 7 7 7
9 9 9 4 4
4 9 9 9 9
9 9 9 9 9
9 8 9 9 7
7 7 7 7 7
9 9 9 4 4
4 9 9 9 9
9 9 9 9 9
9 9 9 9 9
9 7 7 7 7
9 4 4 4 4
9 9 9 9 9
1 1 9 9 9
9 9 9 9 9
9 4 0 0 0
4 4 4 4 4
9 9 9 9 9
1 1 1 9 9
9 9 9 9 9
9 0 0 0 0
4 4 4 4 4
4 4 9 9 9
1 1 1 1 1
9 9 9 9 9
9 0 0 0 0
9 9 4 4 4
4 4 9 9 9
1 1 1 1 1
1 9 9 9 9
9 0 0 0 0
9 9 7 4 4
4 4 4 9 9
1 1 1 1 1
1 9 9 9 9
9 0 0 0 0
8 8 8 7 4
4 4 4 4 9
1 1 1 1 1
0 0 9 9 9
9 9 5 0 5
8 8 4 4 4
4 4 4 4 4
1 1 1 4 4
0 0 0 0 0
0 8 8 5 5
8 4 4 4 4
4 4 4 4 4
4 4 4 4 4
4 0 0 0 0
0 8 8 8 8
8 4 4 4 4
4 4 4 4 4
4 4 4 4 4
4 0 0 0 0
8 8 8 8 8
8 4 4 4 4
4 4 4 4 4
4 4 4 4 4
4 7 7 7 8
8 8 8 8 8
8 8 5 4 4
4 4 4 4 4
4 4 4 4 4
4 7 7 7 7
8 8 8 1 1
1 5 5 5 4
4 4 4 4 4
4 4 4 1 1
1 7 7 7 1
1 1 1 1 1
1 1 5 5 4
4 4 4 4 4
4 4 1 1 1
1 1 1 7 1
1 1 1 1 1
9 0 5 7 4
4 4 4 4 4
1 1 1 1 1
1 1 1 1 0
1 1 1 1 1
9 8 7 7 4
4 4 4 4 1
1 1 1 1 1
1 1 1 1 1
1 1 1 1 1
9 8 7 7 4
4 4 4 4 9
1 1 1 1 1
1 1 1 1 1
7 7 7 1 1
0 4 4 9 4
4 4 4 9 7
7 1 1 1 1
1 1 1 1 1
7 7 7 7 7
4 4 4 4 4
4 4 9 9 7
7 1 1 1 1
1 1 1 1 1
1 7 7 7 7
4 4 4 4 4
4 4 4 9 7
7 7 1 1 1
1 1 1 1 1
1 7 7 7 7
4 4 4 4 4
4 4 4 4 7
7 7 1 1 1
1 1 1 1 1
1 9 5 5 7
4 4 4 4 4
4 4 4 4 7
7 7 1 1 1
1 1 1 1 1
1 9 5 5 5
4 4 4 4 4
8 7 1 1 1
1 1 1 1 1
1 1 1 1 1
1 5 9 9 5
4 4 4 4 8
8 7 1 1 1
1 1 1 1 1
1 1 1 1 0
0 9 9 9 9
