9 9 9 9 9
9 9 9 0 0
0 7 7 7 9
9 9 9 9 9
9 9 0 7 7
9 9 9 9 9
9 9 9 0 0
7 7 7 7 7
7 7 9 9 9
9 7 7 7 7
7 7 9 9 9
9 9 9 7 7
7 7 7 7 7
7 7 7 7 7
7 7 7 7 7
7 7 7 7 9
9 9 7 7 7
7 7 7 7 7
7 7 7 7 7
7 7 7 7 7
7 7 7 7 7
7 7 7 7 7
7 7 7 7 7
7 7 7 7 7
7 7 7 7 7
7 7 7 7 7
7 7 7 7 7
7 7 7 7 7
7 7 7 7 7
7 7 7 7 7
7 7 7 7 7
7 7 7 7 7
7 7 7 7 7
7 8 7 7 7
7 7 7 7 7
7 7 7 7 7
7 7 7 7 7
7 7 7 7 7
8 8 8 9 7
7 7 7 7 7
7 7 7 7 8
7 7 7 7 7
7 7 7 8 8
8 8 8 9 9
0 0 0 0 0
7 7 7 7 7
7 7 7 9 9
7 8 8 8 8
8 8 8 8 0
0 0 0 0 0
7 7 7 7 7
7 7 7 9 9
9 8 8 8 8
8 8 8 8 8
8 0 0 0 0
7 7 7 7 7
7 7 7 9 9
0 8 8 8 8
8 8 8 8 8
8 8 0 0 0
7 7 7 7 0
7 7 7 0 0
0 8 8 8 8
8 8 8 8 8
8 8 8 0 0
7 7 7 7 0
0 0 0 0 0
0 8 8 8 8
8 8 8 8 8
8 8 8 7 0
9 7 0 0 0
0 0 0 0 0
0 8 8 8 8
8 8 0 0 8
8 8 8 7 7
9 9 0 0 0
0 0 0 0 0
8 8 8 8 8
8 0 0 0 8
8 8 9 9 9
8 8 8 0 0
0 0 0 0 0
8 8 8 8 8
0 0 0 0 0
9 9 9 9 9
8 8 8 0 0
0 0 0 0 0
8 8 8 8 8
0 0 0 0 9
9 9 9 9 9
8 8 8 9 0
0 0 0 0 9
9 8 8 8 0
0 0 0 0 9
9 2 2 9 9
8 8 9 9 9
0 0 0 0 9
9 0 0 0 0
0 0 0 0 7
7 7 2 2 9
8 8 9 9 9
0 0 0 0 9
9 0 0 0 0
0 0 0 0 7
7 7 7 2 7
8 8 8 9 9
0 0 0 0 0
0 0 0 0 0
0 0 0 0 7
7 7 7 7 7
7 7 7 7 0
0 0 0 0 0
0 0 0 0 0
0 8 8 7 7
7 7 7 7 7
7 7 7 7 7
0 0 0 0 0
0 0 0 0 2
2 2 2 7 7
7 7 7 7 7
7 7 7 7 7
7 0 0 0 0
0 0 0 0 0
2 2 2 2 7
7 7 7 7 7
7 7 7 7 7
7 7 7 0 0
0 0 0 0 2
2 2 2 9 9
9 9 9 9 9
7 7 7 7 7
7 7 7 0 0
0 0 0 0 2
2 2 9 9 9
9 9 9 9 9
7 7 7 7 7
7 2 2 0 0
0 0 0 2 2
8 8 9 9 9
9 9 9 9 9
8 7 7 7 7
2 2 2 2 0
0 0 2 2 8
8 8 8 9 8
8 9 9 9 2
7 7 7 7 2
2 2 2 2 0
0 2 2 2 8
8 8 8 8 8
8 9 2 2 2
7 7 7 9 2
2 2 2 2 2
2 2 2 2 2
8 8 8 8 8
2 2 2 2 2
7 7 9 9 9
2 2 2 2 2
2 2 2 2 2
8 8 8 8 8
2 2 2 2 2
7 9 9 9 9
9 2 2 2 2
2 2 2 2 2
2 2 8 8 2
2 2 2 2 2
9 9 9 9 9
9 9 2 2 2
2 2 2 2 2
2 2 2 2 2
2 2 2 2 2
9 9 9 9 9
9 9 9 2 2
2 2 2 2 2
2 2 2 2 2
2 2 2 2 2
9 9 9 9 9
9 9 9 9 9
2 2 2 2 2
2 2 2 2 2
2 2 2 2 2
9 9 9 9 9
9 9 9 9 8
8 8 8 8 2
2 2 2 2 2
2 2 2 2 9
9 9 9 9 9
9 9 9 9 8
8 8 8 8 2
2 2 2 2 2
2 2 2 2 8
9 9 9 9 9
9 9 9 9 8
8 8 8 2 2
2 2 2 2 2
2 2 2 8 9
9 9 9 9 9
9 9 9 9 8
8 8 2 2 2
2 2 2 2 2
2 2 9 9 9
9 9 9 9 9
9 9 9 9 8
0 0 2 2 2
2 2 2 2 2
2 9 9 9 9
9 9 9 9 9
9 9 9 9 9
0 0 0 2 2
2 2 2 2 2
2 9 9 9 9
9 9 9 9 9
9 9 9 9 9
0 0 0 9 2
2 2 2 2 0
0 0 9 9 0
9 9 9 9 9
9 9 9 9 9
0 0 9 9 9
2 7 2 7 0
0 0 0 0 0
9 9 9 9 9
9 9 9 9 9
9 2 9 9 7
7 7 7 7 0
0 0 0 0 0
9 9 9 9 9
9 9 9 9 9
9 9 9 9 7
7 7 7 7 0
0 0 0 0 0
9 9 9 9 9
9 9 9 9 9
9 9 9 9 9
7 7 7 7 8
0 0 0 0 0
9 9 9 9 9
9 9 9 9 9
9 9 9 9 9
8 8 8 8 8
0 0 0 0 9
9 9 9 9 9
2 7 7 7 9
9 9 9 9 9
8 8 8 8 8
0 0 0 0 9
9 9 9 9 9
2 7 7 7 9
9 9 9 9 8
8 8 8 8 8
0 0 0 9 9
