0 0 0 0 0
0 0 0 0 0
6 6 6 0 0
0 4 4 4 4
4 4 4 0 0
0 0 0 0 0
0 0 0 0 0
6 6 6 0 0
0 7 4 4 4
4 4 0 0 0
0 0 0 0 0
0 0 0 0 0
6 6 6 0 0
0 7 7 7 7
0 0 0 0 0
0 0 0 0 0
0 0 0 0 6
6 6 6 0 0
7 7 7 7 7
0 0 0 0 0
0 0 0 0 0
0 0 0 0 6
6 6 3 7 7
7 7 7 7 7
6 6 6 3 3
0 0 0 0 0
0 7 3 0 6
6 6 7 7 7
7 7 7 7 3
3 3 6 3 3
0 0 0 0 0
9 9 6 6 6
6 6 7 7 7
7 7 7 0 3
3 3 3 3 3
0 0 0 0 9
9 9 9 6 6
6 6 6 7 7
7 0 0 0 3
3 3 3 3 3
0 0 0 9 9
9 9 9 6 6
6 6 6 6 0
0 0 4 4 3
3 3 3 3 3
9 9 9 9 9
9 9 9 0 0
6 6 6 6 6
0 0 4 4 4
6 6 3 3 3
9 9 9 9 9
9 9 0 0 0
0 0 6 6 6
6 6 4 4 4
6 6 3 3 3
9 9 9 9 9
9 9 0 0 0
0 0 6 6 6
6 6 4 3 3
3 6 6 6 0
9 9 9 9 9
9 9 9 9 9
0 0 0 6 6
6 6 3 3 3
3 3 6 6 0
9 9 9 9 9
9 9 9 9 9
9 0 0 3 3
3 3 3 3 3
3 3 3 0 0
9 9 9 9 9
9 9 9 9 9
9 0 3 3 3
3 3 3 3 3
3 3 3 0 0
3 9 9 9 9
9 9 9 9 0
0 3 3 3 3
3 3 3 3 3
3 3 3 0 0
9 9 9 9 9
9 9 9 0 0
0 0 3 3 3
3 3 3 3 3
3 3 0 0 0
9 9 9 3 3
9 9 9 0 0
0 7 7 3 3
3 3 3 3 3
3 3 9 0 9
3 3 3 3 3
4 4 6 6 0
7 7 7 3 3
3 3 3 3 3
3 3 9 9 9
3 3 3 3 3
3 3 6 0 0
0 7 7 6 6
3 3 3 3 3
3 9 9 9 9
3 3 3 3 3
3 3 9 0 0
0 0 6 6 6
6 3 3 3 3
3 9 9 9 9
3 3 3 3 3
3 3 9 9 0
0 0 6 6 6
6 6 3 3 3
3 9 9 0 0
9 9 9 6 3
3 3 9 9 9
9 6 6 6 6
9 0 0 3 3
3 9 9 0 0
9 9 9 3 3
3 3 9 9 9
9 9 9 9 9
9 0 0 0 3
0 0 0 0 0
9 9 9 3 3
3 3 9 9 9
9 9 9 9 9
0 0 0 7 7
0 0 0 0 0
0 4 4 4 4
4 4 9 9 9
9 9 9 9 9
9 9 7 7 7
0 0 0 0 0
7 4 4 4 4
4 4 4 9 9
9 9 9 9 9
9 9 7 7 3
9 9 9 0 0
7 4 4 4 4
4 4 4 9 9
9 9 9 9 9
9 9 3 3 3
9 9 9 9 9
7 4 4 4 4
4 4 9 9 9
9 9 9 9 9
9 3 3 3 3
9 9 9 9 9
9 9 4 4 4
4 9 9 9 9
9 9 9 9 9
9 3 3 3 3
9 9 9 9 9
9 9 9 9 9
9 9 9 9 9
9 9 9 9 9
9 6 3 3 3
9 9 9 0 0
9 9 9 9 9
9 9 9 9 9
9 9 9 9 9
9 6 3 3 3
0 0 0 0 0
9 9 9 9 9
9 9 9 9 9
9 9 9 9 9
9 0 0 0 0
0 0 0 0 0
9 9 9 9 9
9 9 9 9 9
9 9 9 9 9
9 0 0 0 0
0 0 0 0 0
9 9 9 9 9
9 9 9 9 9
9 9 9 9 9
0 0 0 0 0
0 0 0 0 0
9 9 9 9 9
9 9 9 9 9
9 9 9 9 0
0 0 0 0 0
0 0 3 3 3
9 9 6 6 9
9 9 9 9 9
9 9 9 6 0
0 0 0 0 0
0 3 3 3 3
9 9 6 6 6
9 9 9 9 9
9 9 6 6 6
0 0 0 0 0
3 3 3 3 3
6 6 6 4 4
9 9 7 7 9
9 9 9 6 6
0 0 0 3 3
3 3 3 3 3
6 6 6 4 4
4 7 7 7 7
9 9 9 9 0
0 0 0 0 3
3 3 3 3 3
4 4 4 4 4
4 4 7 7 9
9 9 9 9 0
0 0 0 0 3
3 3 3 3 3
4 4 4 4 4
4 9 9 9 9
9 9 9 0 0
0 0 0 0 3
3 3 3 3 3
4 4 4 4 4
9 9 9 9 9
9 9 9 0 0
0 0 4 4 4
4 4 3 3 3
0 0 0 9 9
9 9 9 9 9
9 9 9 0 0
0 0 4 4 4
4 4 4 4 4
9 0 9 9 9
9 9 9 9 9
9 9 9 9 0
0 0 4 4 4
4 4 4 4 4
9 9 9 9 9
9 9 9 9 9
9 9 9 9 6
6 0 4 4 4
4 4 4 4 4
9 9 9 9 9
9 9 9 9 9
9 9 9 9 9
6 6 4 4 4
4 4 4 7 7
9 9 9 9 9
9 9 9 9 9
9 9 9 9 9
6 6 6 4 4
4 4 6 6 6
9 9 9 9 9
9 9 9 9 9
9 9 9 9 9
9 6 0 0 0
0 0 6 6 6
3 9 9 9 9
9 9 9 9 9
9 9 9 9 9
0 0 0 0 0
0 0 6 6 6
