0 0 0 0 0
0 0 0 0 0
0 0 0 0 1
1 1 1 1 1
1 1 1 1 1
0 0 0 0 0
9 9 0 0 0
0 0 0 0 1
1 1 1 1 1
1 1 1 1 1
0 0 0 0 9
9 9 0 0 0
0 0 0 1 1
1 1 1 1 1
1 1 1 1 1
0 0 0 0 0
9 0 0 0 0
0 0 0 1 1
1 1 1 1 1
1 1 1 1 1
0 0 0 0 0
0 0 0 0 0
0 0 1 1 1
1 1 1 1 9
9 1 1 1 1
0 0 0 0 0
0 0 0 0 0
0 0 1 1 1
1 1 1 9 9
9 9 1 1 1
0 0 0 0 0
0 0 0 0 0
0 9 9 1 1
1 9 1 1 9
9 9 0 0 0
0 0 0 0 0
0 0 0 0 0
0 9 0 0 0
9 9 0 1 9
9 0 0 0 0
0 0 0 0 0
0 0 0 0 0
0 0 0 0 0
0 0 0 0 1
9 0 0 0 0
0 0 9 0 0
0 0 0 0 0
0 0 0 0 0
0 0 0 0 1
1 1 0 0 5
9 9 9 9 9
9 0 0 0 0
0 0 0 0 0
0 0 0 5 1
1 1 9 9 9
9 9 9 9 9
9 0 0 0 0
0 0 0 0 0
0 5 5 5 1
1 1 9 9 9
9 9 9 9 9
9 0 0 0 0
0 0 0 0 0
5 5 5 5 5
1 1 1 9 9
9 9 9 9 9
9 9 0 0 0
0 0 0 5 5
5 5 5 5 5
1 1 1 5 5
1 1 9 9 9
9 9 0 0 0
0 0 0 5 5
5 5 5 5 5
5 5 1 5 5
9 9 0 9 9
9 9 8 0 0
0 0 0 5 5
5 5 5 5 5
5 5 5 5 5
9 9 9 9 9
9 8 8 8 0
0 0 9 5 5
5 5 5 5 5
5 5 5 5 5
9 9 9 9 9
8 8 8 8 8
9 9 9 9 5
5 5 5 5 5
5 5 5 5 5
9 9 9 9 9
8 8 8 8 9
9 9 1 1 1
5 5 5 5 5
5 5 5 1 9
9 9 9 9 9
9 9 6 6 9
9 9 1 1 1
5 5 5 5 5
5 5 1 9 9
9 9 9 9 9
9 9 0 6 9
9 9 1 1 1
1 5 5 5 5
5 9 9 9 9
9 9 9 9 9
9 0 0 0 9
9 9 1 1 1
1 1 1 6 9
9 9 9 9 9
9 9 9 9 0
0 0 0 0 9
9 9 9 1 1
1 1 6 6 9
9 9 9 9 9
9 9 9 9 0
0 0 0 9 9
9 9 9 1 1
1 9 6 6 9
9 9 9 9 9
8 8 8 8 0
0 0 0 5 9
9 9 9 1 1
1 1 9 9 6
1 1 1 1 1
8 8 8 8 8
0 0 0 5 9
9 9 9 1 1
1 1 1 9 9
1 1 1 1 1
8 8 8 8 8
8 0 0 8 9
9 8 8 1 1
1 1 1 1 9
1 1 1 1 1
0 0 8 8 8
8 8 8 8 8
8 8 8 8 1
1 1 1 1 8
8 1 1 1 1
0 0 9 8 8
8 8 8 8 8
8 8 8 8 8
1 1 1 9 9
8 8 1 1 1
0 0 9 9 9
8 8 8 8 8
8 8 8 8 8
1 1 9 9 9
8 5 1 1 1
1 1 9 9 9
8 8 8 8 8
8 8 8 8 8
9 9 9 9 5
5 5 5 1 1
9 9 9 9 8
8 8 8 8 8
8 8 8 8 0
0 9 9 9 5
5 5 5 5 1
9 9 9 9 9
8 8 8 8 8
8 5 5 0 0
0 9 9 9 5
5 5 5 5 8
9 9 9 9 9
8 8 8 8 8
8 8 5 0 0
0 9 9 9 5
5 5 5 8 8
9 9 9 9 9
8 8 8 8 8
8 6 9 9 9
9 9 9 9 8
6 5 5 6 6
9 9 9 9 9
8 8 8 8 8
8 8 9 9 9
9 9 6 6 6
6 6 6 6 6
9 9 9 9 9
9 9 9 9 8
8 8 0 9 9
9 5 6 6 6
6 6 9 9 9
9 9 9 9 9
9 9 9 9 8
8 0 0 0 5
5 5 5 6 6
6 6 9 9 9
9 9 9 9 9
9 9 9 9 9
9 0 0 0 5
5 5 5 6 6
6 6 6 9 9
8 9 9 9 9
9 9 9 9 9
9 0 0 0 5
5 5 5 6 6
6 6 5 5 5
9 9 9 9 9
0 0 0 9 9
9 9 0 0 5
5 5 5 6 6
6 6 5 5 5
9 9 9 9 9
0 0 9 9 9
9 9 9 5 5
5 5 5 6 6
6 6 5 5 5
9 9 9 9 9
9 0 9 9 9
9 9 9 9 5
5 5 5 6 6
6 6 6 5 5
9 9 9 9 9
9 9 9 9 9
9 9 5 5 5
5 5 5 6 6
6 6 6 5 5
9 9 9 9 9
9 9 9 9 9
9 9 5 5 5
5 5 5 5 5
5 5 5 5 5
9 9 9 9 9
9 9 9 9 9
9 9 5 5 5
5 5 9 9 5
5 5 5 5 5
9 8 9 9 9
9 9 1 1 6
6 6 6 5 9
9 9 9 9 5
5 5 5 5 5
1 1 0 5 5
5 5 9 6 6
6 6 6 9 9
9 9 9 9 5
5 5 5 5 5
1 1 0 5 5
5 5 5 6 6
6 6 9 9 9
9 9 9 5 5
5 5 5 5 5
1 1 1 5 5
5 5 5 6 6
6 9 9 9 9
9 9 9 8 5
5 5 5 5 5
