0 0 0 0 0
6 1 1 1 1
1 9 3 3 3
3 3 3 3 4
4 4 7 7 7
0 0 0 0 0
0 1 1 1 1
3 9 3 3 3
3 3 3 3 4
1 1 1 7 7
0 0 0 0 0
0 1 1 1 6
3 6 6 6 6
6 3 3 3 3
1 1 1 3 3
0 0 0 0 0
0 0 6 6 6
6 6 6 6 6
6 3 3 3 6
1 1 8 3 3
0 0 0 0 0
0 0 6 6 6
6 6 6 6 6
6 6 6 6 6
6 9 9 3 3
0 0 0 0 0
0 6 6 6 6
6 6 6 6 6
6 6 6 6 6
9 9 9 3 3
0 0 0 9 9
9 6 6 6 6
6 6 6 6 6
6 7 7 9 9
9 9 9 0 0
6 6 9 9 9
9 9 9 6 6
6 6 6 6 6
6 7 7 7 9
9 0 9 0 0
6 6 9 9 9
9 9 9 9 6
6 6 6 6 6
7 7 7 7 0
0 0 0 3 3
6 6 9 9 9
9 9 9 9 9
7 7 7 6 6
7 7 7 7 7
0 0 9 3 3
3 6 9 9 9
9 9 9 9 9
9 7 7 7 7
7 7 7 7 7
8 8 8 9 3
3 3 6 9 9
9 1 1 9 9
1 7 7 7 7
7 7 7 7 7
8 8 8 3 3
3 3 6 6 6
1 1 1 1 1
0 0 7 7 7
7 7 7 7 8
8 8 8 3 3
0 0 6 6 6
1 1 1 3 3
0 0 0 4 4
9 9 9 9 9
8 8 3 3 3
0 0 4 4 4
4 4 3 3 3
3 3 6 9 9
9 9 9 9 9
9 3 3 3 3
9 9 9 0 0
4 4 3 3 3
3 3 9 9 9
9 9 9 9 9
9 3 3 3 3
1 9 0 0 0
0 3 3 3 3
3 3 9 9 9
9 9 9 9 9
9 4 3 3 3
1 1 0 0 0
3 3 3 3 3
3 3 3 9 9
9 9 9 9 9
9 4 4 9 9
1 1 7 7 7
3 3 3 3 3
3 3 3 3 9
9 9 9 9 9
9 9 9 9 9
1 1 7 7 7
1 3 3 3 3
3 3 3 3 9
9 9 9 9 9
9 9 9 9 9
1 1 7 7 7
1 1 3 3 3
3 3 3 3 9
9 9 9 9 9
9 9 9 9 9
1 1 7 7 7
1 3 3 3 3
0 0 9 9 9
9 9 9 9 9
9 9 9 9 9
1 1 1 3 3
3 3 3 3 3
0 0 9 9 9
9 9 9 9 9
9 9 9 9 9
3 3 3 3 3
3 3 3 3 3
7 0 9 9 9
9 9 9 9 9
9 9 9 9 9
3 3 3 3 3
3 3 3 7 7
9 9 9 9 9
9 9 9 9 9
6 6 6 9 9
3 3 3 9 9
9 3 0 0 0
9 9 9 9 9
9 9 9 9 9
6 6 6 6 6
6 6 9 9 9
9 0 0 0 0
9 9 9 9 9
9 9 9 9 9
6 6 6 6 6
6 6 1 1 9
9 0 0 0 0
9 9 9 9 9
9 9 9 9 9
9 6 6 6 6
1 1 1 1 1
8 8 8 4 9
9 9 9 9 9
9 9 9 9 9
9 1 0 6 6
1 1 1 0 0
0 8 8 9 9
9 9 9 9 9
9 9 9 9 3
3 3 0 0 0
9 9 8 0 0
0 0 0 9 9
9 9 9 9 9
9 9 9 3 3
3 0 0 0 6
9 8 0 0 0
0 0 0 0 9
9 9 9 9 9
9 9 9 3 3
3 0 0 0 6
0 0 0 0 0
0 0 0 0 6
9 9 9 9 9
9 9 9 3 3
3 0 0 0 6
0 0 0 0 0
0 0 0 0 6
9 9 9 9 9
9 9 9 9 9
1 1 1 1 1
3 0 0 0 0
0 0 0 9 9
9 9 9 9 9
9 9 9 9 9
1 1 1 1 3
3 3 0 0 0
0 0 9 9 9
9 9 9 9 9
9 9 9 9 9
1 1 1 1 3
1 1 1 1 0
0 0 9 9 9
9 9 9 9 9
6 9 9 9 6
3 3 3 3 3
1 1 1 1 1
0 0 9 9 9
9 9 9 9 9
9 8 8 8 8
3 3 3 3 3
1 1 1 1 0
0 0 9 9 9
9 9 9 9 9
8 8 8 8 3
3 3 8 3 3
1 0 0 0 0
0 0 0 9 9
9 9 9 9 9
8 8 8 8 0
3 3 4 4 4
7 0 0 0 0
0 0 0 0 9
9 9 9 9 9
9 8 0 0 0
0 4 4 4 4
7 7 0 0 0
0 0 0 0 9
9 9 9 9 9
9 0 0 0 0
0 4 4 4 4
7 7 9 8 8
0 0 0 4 4
9 9 9 9 9
9 9 0 0 0
0 8 4 4 4
7 9 9 8 8
8 8 4 4 4
9 9 9 9 9
9 0 0 0 0
0 0 3 0 0
7 7 8 8 8
8 8 4 4 4
9 0 9 9 9
0 0 0 0 0
0 0 0 0 0
7 7 8 8 8
8 8 4 4 4
0 0 0 0 0
0 0 0 0 0
0 0 0 0 0
7 8 8 8 8
8 3 6 6 4
0 0 0 0 0
0 0 0 0 0
0 0 0 0 0
7 8 8 8 8
8 8 6 6 4
7 0 0 0 0
0 0 0 0 0
0 0 0 0 0
8 8 8 8 8
8 8 8 6 6
7 0 0 0 0
0 0 0 0 6
0 0 0 0 0
6 6 6 8 8
8 8 8 6 7
7 0 0 0 0
0 0 0 6 6
0 0 0 0 0
