7 7 7 9 9
4 0 1 1 1
1 1 1 0 0
0 0 1 1 1
1 1 1 1 1
7 7 7 4 4
4 4 1 1 1
1 1 1 0 0
0 0 0 1 1
1 1 1 1 1
9 9 4 4 4
4 4 9 1 1
1 1 1 0 0
0 0 0 1 1
1 1 1 1 1
9 4 4 4 4
4 4 9 9 9
1 1 0 0 0
0 0 0 0 1
1 1 1 1 1
1 4 4 4 9
1 1 9 9 4
1 1 1 0 0
0 0 0 0 1
1 1 1 1 1
1 4 9 9 9
9 9 9 9 1
1 1 1 1 1
0 0 0 0 1
1 1 1 1 1
1 1 9 9 9
9 9 9 9 1
1 1 1 1 1
1 8 1 1 1
1 1 1 1 1
4 9 9 9 9
9 9 9 9 1
1 1 1 1 1
1 1 1 1 1
1 1 1 1 1
0 9 9 9 9
9 9 9 9 9
0 1 1 1 1
1 1 1 1 1
1 1 1 1 1
0 9 9 9 1
1 9 9 9 9
1 1 1 1 1
1 1 1 1 1
1 1 1 1 1
0 9 9 9 1
1 1 9 9 9
1 1 1 1 1
1 1 1 1 1
1 1 1 4 4
9 4 4 4 1
1 1 9 9 9
1 1 1 1 1
1 1 1 1 1
1 1 4 4 4
4 4 4 4 4
1 1 9 9 9
1 1 1 1 1
1 1 1 1 1
1 4 4 4 4
4 4 4 4 4
4 4 4 9 9
9 1 1 1 1
1 1 1 1 1
1 4 4 4 4
4 4 4 4 4
4 4 4 4 9
9 1 1 1 1
1 1 1 9 9
9 4 4 4 4
4 4 4 4 4
4 4 4 9 9
9 9 9 9 1
1 1 1 1 9
9 9 8 8 8
4 4 4 9 9
9 8 7 7 7
7 9 9 9 0
0 1 1 9 9
9 9 9 9 9
9 9 9 9 9
9 7 7 7 7
7 7 7 9 0
0 0 4 7 9
7 1 1 9 9
9 9 9 9 9
7 7 7 7 7
7 7 7 0 0
0 0 4 7 7
7 1 1 9 9
9 9 9 9 9
7 7 7 7 7
7 7 7 0 0
0 0 7 7 7
7 7 1 9 9
9 9 9 9 9
7 7 7 1 1
7 7 7 0 0
0 7 7 7 7
7 7 7 9 9
9 9 9 9 9
9 9 1 1 1
7 7 7 7 7
7 7 7 7 7
7 7 7 7 4
0 0 0 1 9
9 9 9 1 7
7 7 7 7 7
7 7 7 7 7
7 7 7 7 4
8 8 9 1 4
9 9 9 9 7
7 7 7 7 7
7 7 7 7 7
7 7 7 7 4
8 8 9 9 4
4 4 4 9 7
7 7 7 7 7
7 7 7 7 7
7 7 7 7 7
8 8 1 4 4
4 4 4 7 7
7 7 7 7 7
7 7 7 7 7
7 7 7 7 7
8 8 1 1 1
4 4 4 7 7
7 7 0 0 0
7 7 7 7 7
7 7 7 7 7
1 1 1 1 1
1 4 7 7 7
7 7 7 0 0
7 7 7 7 7
7 7 7 7 0
1 1 1 1 1
1 1 1 7 7
7 7 7 9 9
9 9 4 4 4
7 7 7 7 0
1 1 1 1 1
1 1 1 8 8
8 7 8 9 9
9 9 4 4 4
7 7 7 7 0
1 1 1 1 1
1 1 1 8 8
8 8 8 9 9
9 8 8 8 7
7 7 7 7 7
4 4 4 4 1
1 1 1 8 8
8 8 8 1 8
8 8 8 8 8
7 7 7 7 7
4 4 4 4 4
1 1 1 8 8
8 8 8 8 8
8 8 8 8 7
7 7 7 7 7
4 4 4 4 4
8 1 1 8 8
8 8 8 8 8
8 8 8 7 7
7 7 7 7 7
4 4 4 4 4
8 1 8 8 8
8 1 8 8 8
8 8 8 7 7
7 7 7 7 7
4 4 4 4 4
9 1 8 8 9
9 9 1 8 8
8 8 8 7 0
0 0 7 7 7
8 4 4 4 4
9 1 1 4 9
9 9 8 8 8
8 8 8 0 0
0 0 0 0 0
8 4 4 4 4
9 9 9 4 4
4 9 9 8 8
8 8 8 8 0
0 0 0 0 0
8 8 4 4 4
9 9 8 4 4
4 9 9 8 8
8 8 8 8 0
0 0 0 0 0
8 8 4 4 4
4 8 8 8 4
4 9 9 8 8
8 8 8 8 8
4 0 0 0 0
8 8 8 8 4
7 8 8 8 1
1 1 9 8 8
8 8 9 9 9
0 9 9 0 0
8 8 8 8 8
8 8 8 9 9
9 9 9 9 9
8 8 9 9 9
0 0 0 0 0
8 8 8 8 8
8 8 9 9 9
9 9 9 9 9
9 9 9 9 9
0 0 0 0 0
9 9 9 8 8
8 9 9 9 9
9 9 9 9 9
9 9 9 9 9
0 0 0 0 0
9 9 9 9 9
9 9 9 9 9
9 9 9 9 9
9 9 9 9 9
9 0 0 0 1
9 9 9 9 9
9 9 9 9 9
9 9 9 9 9
9 9 9 9 9
0 0 0 1 1
9 9 9 9 9
9 9 9 9 9
9 9 9 9 9
9 9 9 9 0
0 0 4 1 1
9 9 9 9 9
9 9 9 9 9
9 9 9 1 9
9 9 0 0 0
0 0 4 4 4
9 9 9 9 9
9 9 9 9 9
9 9 9 9 9
9 9 0 0 0
0 0 4 4 4
9 9 9 9 9
9 0 9 9 9
1 9 9 9 9
9 9 0 0 0
0 0 0 4 4
