0 6 6 9 5
5 5 5 5 5
5 5 5 5 5
5 5 5 5 5
5 5 1 1 1
6 6 6 6 5
5 5 5 5 5
5 5 5 5 5
5 5 5 5 5
5 5 1 1 1
9 9 6 5 5
5 5 5 5 5
5 5 5 5 5
5 5 5 5 5
5 5 1 1 1
9 9 9 5 9
5 5 5 5 0
0 5 5 5 5
5 5 5 5 5
5 5 5 0 0
9 9 9 5 9
9 9 5 6 0
1 0 0 5 5
5 5 5 5 5
5 5 5 5 5
9 9 9 9 9
9 9 6 6 6
0 0 0 5 5
5 5 5 5 5
5 5 5 5 5
9 9 9 9 9
9 9 9 9 9
0 0 0 0 5
5 5 5 5 5
5 5 5 5 5
9 9 9 9 9
9 7 9 9 9
0 0 0 5 5
5 5 5 0 0
5 5 5 5 9
9 9 9 9 9
9 9 9 9 9
9 0 0 5 5
5 5 5 5 5
5 5 5 9 9
9 9 9 9 9
9 9 9 9 9
0 0 5 5 5
5 5 5 5 5
5 5 5 9 9
9 9 9 9 9
9 9 9 9 9
9 0 0 5 5
5 5 5 5 5
5 5 5 5 9
9 9 9 9 9
9 9 9 9 9
9 5 5 5 5
5 5 5 5 5
5 5 5 5 0
6 6 6 0 0
0 9 9 9 9
5 5 5 5 5
5 5 5 5 5
5 5 5 5 0
6 6 6 0 0
0 9 9 9 5
5 5 5 5 5
5 9 9 9 5
5 5 5 5 7
0 0 0 0 0
0 0 5 5 5
9 9 1 1 1
5 5 9 9 9
0 0 5 5 7
0 0 0 0 0
0 0 5 0 5
0 9 9 1 5
5 5 5 9 9
0 0 0 5 7
0 0 0 0 0
0 0 0 0 0
0 9 9 5 5
5 5 5 0 0
0 0 0 0 0
0 0 0 0 1
0 0 0 0 0
0 9 9 9 5
5 5 0 0 0
0 0 0 0 0
9 9 9 1 1
1 0 0 0 9
9 9 9 9 5
0 0 0 0 0
0 0 0 0 0
9 9 9 1 1
1 0 0 0 9
9 9 9 9 9
9 0 0 0 0
0 0 0 0 0
5 5 5 5 5
9 9 0 0 0
9 9 9 9 9
9 9 9 9 9
0 1 1 0 0
5 5 5 5 5
9 9 9 0 0
9 9 9 9 9
9 9 9 9 9
9 1 1 1 7
5 5 5 5 5
9 9 9 0 5
9 9 9 9 9
9 9 9 9 9
9 7 1 6 6
5 5 5 5 5
5 9 9 5 5
7 7 7 0 0
9 9 9 5 1
1 1 7 6 6
5 5 5 5 5
5 5 5 5 5
7 7 7 9 9
9 9 9 5 1
1 1 1 0 0
0 5 5 5 5
5 5 5 5 5
9 9 9 9 9
9 9 9 7 1
1 1 1 0 0
0 5 5 5 5
5 5 5 5 5
9 9 9 9 9
9 9 9 7 1
1 1 1 1 6
9 9 9 9 9
9 5 5 5 5
9 9 9 9 9
9 9 0 6 6
1 1 1 1 1
9 9 9 9 9
9 5 5 5 5
9 9 9 9 9
9 5 5 5 5
9 9 1 1 1
9 9 9 9 9
9 9 5 5 5
9 9 9 9 9
9 5 5 5 5
9 9 1 7 7
9 9 9 7 9
9 9 9 9 9
9 9 9 9 9
9 9 5 5 5
9 9 7 7 7
9 9 9 9 7
9 9 9 6 6
6 9 9 9 9
9 9 9 5 5
7 7 7 7 7
9 9 9 9 9
9 9 9 6 6
6 9 9 9 9
9 9 9 0 7
7 7 7 7 7
9 9 9 9 9
9 1 1 6 6
6 6 9 9 9
9 9 9 7 7
7 7 7 7 7
9 9 9 9 9
9 1 0 0 6
6 9 9 9 9
9 9 9 9 7
7 7 7 7 7
9 9 9 9 9
9 9 9 9 9
9 9 9 9 9
9 0 0 0 0
7 7 7 9 0
9 9 9 9 9
9 9 9 9 9
9 9 9 9 0
0 0 0 0 0
0 9 9 9 0
9 9 9 9 9
9 9 9 9 9
9 9 0 0 0
0 0 0 0 0
0 9 9 9 9
9 9 9 9 9
9 9 9 9 9
0 0 0 0 0
0 0 0 0 0
0 9 9 9 9
9 9 9 9 9
0 0 0 9 9
0 0 0 0 9
0 1 0 0 1
9 9 9 9 9
9 9 9 9 9
0 0 0 0 0
0 0 0 6 6
5 0 0 0 1
1 1 9 9 9
1 1 9 9 9
0 0 0 0 0
0 0 0 6 6
6 0 0 0 1
1 1 9 9 9
1 1 1 1 0
0 0 0 0 0
0 0 6 6 6
0 0 0 0 1
1 9 9 9 9
1 1 1 1 0
0 0 0 0 0
0 0 6 9 7
0 0 0 0 0
0 9 9 9 9
9 1 1 9 6
6 6 0 0 0
0 9 9 9 7
0 0 0 0 0
0 9 9 9 9
6 6 6 1 1
1 6 6 6 0
0 9 9 9 1
1 1 0 5 5
5 5 0 0 0
6 6 6 1 1
1 6 6 6 6
9 9 9 9 9
1 1 9 5 5
5 5 0 0 0
6 6 6 9 1
1 1 6 6 6
9 9 9 9 9
9 9 6 5 5
5 5 5 0 0
6 6 6 1 1
1 1 6 6 6
6 9 9 9 9
9 9 6 5 5
5 5 5 0 0
6 6 6 1 1
1 1 6 6 6
6 9 9 9 9
9 9 6 5 5
5 5 5 7 7
