1 1 1 1 9
9 9 4 9 9
9 9 9 9 9
1 1 1 1 9
9 9 9 9 9
1 1 1 1 9
9 9 9 9 9
9 9 9 9 9
1 1 1 1 9
7 9 9 9 9
1 1 1 9 9
9 9 9 9 9
9 9 9 9 0
0 0 0 1 9
7 7 7 9 9
1 1 9 9 9
9 9 9 9 9
9 9 9 0 0
0 0 0 0 7
7 7 7 7 7
1 1 9 9 1
9 9 9 9 9
3 3 0 0 0
0 0 0 0 7
7 7 7 7 7
0 0 1 1 1
7 7 7 1 7
7 3 7 7 3
3 0 0 7 7
7 7 7 7 7
9 0 1 1 1
7 7 7 1 7
7 7 7 7 0
0 0 0 7 7
7 7 7 7 7
3 3 1 1 1
1 1 3 9 9
7 9 9 9 9
0 0 0 7 7
7 7 7 7 7
3 3 1 1 1
1 1 1 9 9
9 9 9 9 9
0 0 7 7 7
7 7 7 7 7
9 9 1 1 1
1 1 1 1 9
9 9 9 9 1
1 7 7 7 7
7 7 7 7 7
9 9 9 1 1
1 1 1 1 1
9 9 1 1 1
1 7 7 7 7
7 7 7 7 7
9 9 9 1 1
1 1 1 1 1
9 9 1 1 1
1 9 7 7 7
7 7 7 7 9
9 9 9 9 1
1 1 1 1 1
7 1 1 1 1
1 9 9 7 7
7 7 9 9 9
9 9 9 9 4
4 4 4 1 1
1 1 1 1 0
0 0 9 0 0
0 0 9 9 9
9 9 9 9 4
4 4 4 4 1
1 1 1 1 0
0 0 0 0 0
0 0 9 9 9
9 9 9 9 4
4 4 4 4 1
1 1 1 0 0
0 0 0 0 0
0 0 9 9 9
3 9 9 9 1
1 4 4 1 1
1 0 0 0 0
0 0 0 0 0
0 0 9 9 9
1 1 1 1 1
1 0 0 0 1
1 0 0 0 0
0 0 0 0 0
0 9 9 9 9
1 1 1 0 1
1 0 0 0 9
9 9 0 7 7
7 0 9 9 9
9 9 9 9 9
1 1 0 0 0
0 0 0 0 9
9 9 9 7 7
7 9 9 9 9
9 9 9 9 9
1 1 0 0 0
0 0 0 7 9
9 9 7 7 7
7 9 9 9 9
9 9 9 9 9
3 3 0 0 0
0 0 7 7 7
7 7 7 9 9
9 9 9 9 7
9 9 9 9 9
3 3 7 0 3
3 3 7 7 7
4 7 7 9 9
9 9 9 9 9
9 9 9 9 9
9 9 9 3 3
3 3 3 4 4
4 4 9 9 9
9 9 9 9 9
9 9 9 9 9
9 9 9 3 3
3 3 3 4 4
4 4 4 9 9
9 9 9 3 3
3 9 9 9 9
9 9 3 3 3
3 3 3 4 4
4 4 4 9 9
9 3 3 3 3
3 3 3 7 7
9 3 3 3 3
3 3 9 9 4
4 4 4 3 3
3 3 3 3 3
3 3 3 7 7
3 3 3 3 3
3 3 7 9 9
4 4 4 3 3
3 3 3 3 3
3 3 3 3 7
3 3 3 3 3
3 3 3 7 9
4 3 3 3 3
3 3 3 3 3
3 3 3 3 7
3 3 3 3 3
3 3 3 3 0
9 3 3 3 3
0 0 3 3 3
3 3 3 3 3
3 3 3 3 3
3 3 3 9 9
0 3 3 3 3
3 3 3 3 3
3 3 0 3 3
3 3 3 3 3
3 3 3 9 9
9 9 9 3 3
3 3 3 3 3
3 3 3 3 3
3 3 3 3 3
3 3 9 9 9
9 9 3 3 3
3 3 3 3 3
3 3 3 3 3
3 3 3 3 3
9 9 9 9 9
9 9 3 3 3
3 3 3 3 3
3 3 3 3 3
3 3 3 3 9
9 9 9 9 9
9 9 9 3 3
3 3 3 3 3
3 3 3 3 3
3 3 3 9 9
9 9 9 9 9
9 9 9 9 3
3 3 9 9 7
3 3 3 3 3
3 3 3 9 9
9 9 9 9 9
9 9 9 9 3
3 3 9 9 9
7 3 3 3 9
9 9 9 9 9
9 9 9 9 9
9 9 9 7 7
3 9 9 9 9
7 9 9 9 9
3 9 9 9 9
9 9 9 9 9
9 9 7 7 7
7 7 9 9 9
9 9 9 9 9
3 9 9 9 9
9 9 0 9 9
9 9 7 7 7
7 7 9 9 9
9 9 9 9 9
9 9 9 9 9
0 0 0 0 0
9 9 9 7 7
7 7 9 9 9
9 9 9 9 9
9 9 9 9 9
0 0 0 0 0
0 9 7 7 7
7 7 9 9 9
9 9 9 9 9
9 4 4 4 0
0 0 0 0 0
0 0 7 7 7
7 7 9 9 9
9 9 9 9 4
9 9 4 4 9
9 0 0 0 0
0 0 7 7 7
7 7 9 9 9
9 9 9 9 4
9 9 9 9 9
9 0 0 0 0
0 0 7 7 7
7 7 0 0 0
9 9 4 4 4
9 9 9 9 9
9 0 0 0 0
0 0 7 7 7
7 7 0 0 0
0 4 4 4 4
9 9 9 9 9
9 0 0 0 0
0 0 0 0 4
9 9 0 0 0
0 4 4 4 4
9 9 9 1 9
9 0 9 9 0
0 0 0 0 9
9 9 9 0 0
0 0 9 9 4
1 1 1 1 1
9 9 9 9 9
9 9 0 0 9
9 9 9 9 9
1 1 9 0 0
1 1 1 1 1
9 9 9 9 7
9 9 9 9 9
9 9 9 9 9
1 1 0 0 0
