1 1 7 7 1
1 9 9 4 4
0 0 0 0 0
1 1 1 4 4
4 4 9 9 9
1 1 7 7 1
9 9 9 9 9
0 0 0 0 9
9 1 4 4 4
4 4 9 9 9
9 9 1 1 9
9 9 9 9 9
9 0 0 9 9
9 4 4 4 4
4 4 9 9 9
9 9 9 9 9
9 9 9 9 9
9 0 9 9 9
9 4 4 4 4
6 6 9 9 9
9 9 9 9 9
9 9 9 9 9
9 2 9 9 9
9 4 4 4 6
6 6 6 4 4
9 9 9 9 9
9 9 9 9 9
2 9 9 9 9
9 4 8 8 6
6 8 8 4 4
1 1 8 8 9
9 9 9 9 9
2 9 9 9 9
9 9 9 8 4
4 4 4 4 4
1 1 8 9 9
9 9 9 9 9
9 9 9 9 9
9 9 9 9 9
4 4 4 4 4
1 7 9 9 9
9 9 9 9 9
9 9 9 9 9
9 9 9 9 9
9 4 4 4 4
7 7 9 9 9
9 9 9 9 9
9 9 9 9 9
9 9 9 9 9
9 4 4 4 4
7 9 9 9 9
9 9 9 9 9
9 9 9 9 9
9 9 9 9 9
9 4 4 4 4
9 9 9 9 9
9 9 9 9 9
9 9 9 2 2
9 9 9 9 9
9 9 4 4 4
9 9 9 9 9
9 9 9 9 9
9 9 9 2 2
2 2 9 9 9
9 9 9 6 6
4 4 9 9 9
9 9 9 9 9
9 9 9 2 2
2 2 2 9 9
9 9 9 6 6
4 4 4 4 9
9 9 9 9 9
9 9 9 2 2
2 2 2 2 9
9 9 9 9 6
7 4 4 4 9
9 9 9 9 9
9 1 1 1 2
2 2 2 9 9
9 9 9 9 9
7 4 4 4 0
9 9 9 9 9
9 1 1 2 2
2 2 2 9 9
9 9 9 9 9
9 4 4 4 0
0 9 9 9 9
1 1 1 2 2
2 2 1 1 9
9 9 9 9 9
4 4 4 4 0
0 6 1 1 1
1 1 1 2 2
2 0 0 1 0
0 9 9 9 9
4 4 4 4 4
0 0 1 1 1
1 1 1 2 2
0 0 0 0 0
0 0 9 9 6
4 4 4 4 4
4 1 1 1 1
1 1 1 2 0
0 0 0 0 0
0 0 9 6 6
4 4 4 4 4
4 1 1 1 1
1 1 1 1 0
0 0 0 0 0
0 0 0 6 6
4 4 4 4 4
6 1 1 1 1
1 1 1 1 0
0 0 0 0 0
0 0 0 6 6
4 4 4 1 1
6 1 1 1 1
1 1 1 1 0
0 0 0 0 0
0 0 0 6 6
4 4 6 1 1
1 1 1 1 1
1 1 1 1 9
0 6 0 0 0
0 0 6 6 6
0 0 1 1 1
1 1 1 1 9
9 9 1 1 8
8 6 6 6 1
0 6 6 6 6
0 0 1 1 1
1 1 1 1 9
9 9 9 8 8
8 6 6 6 6
6 6 6 6 6
2 2 1 1 1
1 1 1 9 9
9 9 9 8 8
8 4 6 6 6
6 6 6 6 6
2 2 1 1 1
1 1 9 9 9
9 9 8 8 8
8 7 7 7 1
6 6 6 8 6
2 2 0 0 1
1 9 9 9 9
9 9 4 6 6
6 7 7 7 2
2 2 2 2 2
2 0 0 0 0
9 9 9 9 9
9 4 6 6 6
6 7 7 9 9
2 2 2 2 2
2 0 0 0 0
9 9 9 9 0
0 0 6 6 6
6 7 9 9 9
6 2 2 2 2
0 0 0 4 4
4 9 9 0 0
0 0 6 6 6
1 1 1 1 9
6 6 6 6 6
0 0 4 4 4
9 9 9 1 0
0 1 1 1 1
1 1 1 1 1
6 6 6 6 6
0 0 6 4 9
9 9 1 1 1
1 1 1 1 1
1 1 1 1 1
1 6 6 6 6
9 9 6 9 9
9 9 1 1 1
1 1 1 8 8
1 1 1 1 1
1 6 6 9 9
9 9 9 9 9
9 9 1 1 1
1 1 1 1 1
1 1 1 1 1
1 6 9 9 9
9 9 9 9 9
9 9 9 1 1
1 1 1 1 1
1 1 1 1 1
1 1 9 9 9
9 9 9 9 9
9 9 9 1 1
1 1 1 1 1
1 1 1 1 1
1 1 9 9 9
9 9 9 9 9
9 9 9 1 1
1 1 1 1 1
1 1 6 1 1
1 9 9 8 8
9 9 9 9 9
9 9 9 1 1
1 1 1 1 1
9 6 6 6 6
9 9 8 8 8
8 9 9 9 9
9 9 1 1 1
1 1 1 9 9
9 6 6 6 6
9 9 8 8 8
9 9 9 9 9
8 6 1 1 1
1 1 1 9 9
1 1 1 6 6
6 0 8 8 9
9 9 9 9 9
8 1 1 1 1
1 1 1 1 1
1 1 1 6 6
6 0 9 9 9
9 9 9 9 1
1 1 1 1 1
1 1 1 1 1
1 1 1 2 2
2 6 9 9 9
9 9 9 9 6
1 1 1 1 1
1 1 1 1 1
1 1 1 2 2
2 9 9 9 9
9 9 7 6 4
1 1 1 1 1
1 1 1 1 1
1 1 1 2 2
2 9 6 6 6
9 9 7 4 4
4 4 1 1 1
1 1 1 1 1
1 1 1 2 2
2 6 6 6 6
9 7 4 4 4
4 4 7 1 1
1 1 1 1 1
1 1 1 2 2
2 6 6 6 6
6 9 4 4 4
4 4 7 7 7
1 1 1 1 1
1 1 1 6 7
6 6 6 6 6
