1 8 8 8 8
8 8 8 8 1
9 9 9 0 5
5 5 5 5 9
9 9 9 0 0
8 8 8 8 8
8 8 8 8 8
8 9 9 0 5
5 5 5 5 9
9 9 9 0 0
8 8 8 8 8
8 8 8 8 8
8 0 0 0 0
0 5 4 4 9
9 9 9 0 0
8 8 8 8 8
8 8 8 8 8
8 0 0 0 0
0 6 6 6 1
1 9 9 9 9
8 8 8 8 8
8 8 8 8 8
8 0 0 0 0
0 6 6 6 1
1 9 9 9 9
8 8 8 8 8
8 8 8 8 8
0 0 0 0 0
0 6 6 6 1
1 9 9 9 9
8 8 8 8 8
8 8 8 8 1
1 0 0 0 0
0 6 6 6 9
9 9 9 9 5
8 8 8 8 8
8 8 8 8 1
1 1 1 1 0
0 0 9 9 9
9 9 9 1 1
8 8 8 8 8
8 8 8 1 1
1 1 1 9 9
9 9 9 9 9
9 9 9 1 1
8 8 8 8 8
8 8 1 1 1
1 1 5 5 5
9 9 9 9 9
9 6 6 1 1
8 8 8 8 8
8 8 1 1 1
1 1 1 5 5
9 9 9 9 9
6 6 6 6 9
8 8 8 8 8
8 8 8 1 1
1 1 1 9 9
9 9 9 6 6
6 6 6 6 9
8 8 8 8 8
8 8 8 1 1
1 1 1 9 9
9 9 5 5 5
6 6 6 6 1
8 8 8 8 8
8 8 1 1 1
1 1 1 1 9
9 9 5 5 5
4 4 4 1 1
8 8 8 8 8
8 0 1 1 1
1 1 1 1 1
8 8 5 5 5
4 4 4 5 1
8 8 8 8 8
8 1 1 1 1
1 1 1 1 1
9 9 5 5 5
4 4 4 1 1
0 0 0 9 8
8 1 1 1 1
1 1 1 1 9
9 9 4 4 0
4 4 1 1 1
0 0 0 8 8
8 1 1 1 1
6 4 4 4 4
9 9 4 4 4
0 1 1 1 1
0 0 0 0 8
8 1 1 1 1
1 4 4 4 4
4 5 4 4 4
1 1 1 1 1
1 1 1 0 0
0 0 1 1 1
1 4 4 4 4
4 4 4 4 4
1 1 1 1 1
1 1 1 0 0
0 0 0 1 1
1 4 4 4 4
4 4 4 4 4
1 1 1 1 1
1 1 1 1 0
0 0 0 0 1
4 4 4 4 4
4 4 4 4 4
1 1 1 1 1
1 1 1 1 9
9 8 9 9 9
4 4 4 4 4
4 4 4 4 4
1 1 1 1 1
1 1 9 9 9
9 9 9 9 9
4 4 4 4 1
4 4 4 4 4
1 1 1 1 1
1 9 9 9 9
9 9 9 9 9
4 4 4 4 4
4 4 4 8 8
8 1 1 1 1
9 9 9 9 9
9 9 9 9 9
4 4 4 4 4
4 4 6 8 8
8 8 8 1 1
9 9 9 9 9
9 9 9 9 9
4 4 4 4 4
4 6 6 6 8
8 8 8 8 9
9 9 9 9 9
9 9 9 9 9
4 4 4 0 0
0 6 6 6 8
8 8 8 8 9
9 9 9 9 9
9 9 9 9 9
4 4 0 0 0
0 6 6 6 6
8 8 8 8 8
9 9 9 9 9
9 9 9 1 9
4 4 4 4 4
4 4 6 6 6
8 8 8 8 8
4 9 9 9 9
9 9 9 1 1
9 4 4 4 4
4 4 6 6 6
8 8 8 8 8
4 9 9 9 9
9 9 9 9 9
9 9 4 4 4
4 4 4 6 6
6 9 9 9 8
4 9 9 9 9
9 9 9 9 9
9 9 4 4 4
4 4 4 6 6
6 9 9 9 9
5 5 9 9 9
9 9 9 9 9
9 4 4 4 4
4 4 4 6 6
6 9 9 9 9
5 5 9 9 9
9 9 1 9 9
4 4 4 4 4
4 4 4 4 4
4 4 4 4 8
5 5 9 9 9
9 9 6 6 4
4 4 4 4 4
4 4 4 4 4
4 4 4 4 8
5 9 9 9 9
9 9 6 6 4
4 4 4 4 4
4 4 4 4 4
4 4 4 0 0
9 9 9 9 9
9 9 9 5 5
4 4 4 4 4
4 4 4 4 4
4 4 0 0 0
9 9 9 9 9
9 9 9 9 9
4 4 4 4 4
4 4 4 4 4
9 9 0 0 0
9 9 9 9 9
9 9 9 9 9
4 4 4 4 4
4 4 4 4 4
9 9 9 0 8
9 9 0 0 6
6 6 9 9 9
4 4 4 4 4
4 0 0 9 9
9 9 9 9 0
9 9 0 0 6
6 6 6 9 5
9 4 4 4 4
4 0 0 9 9
9 9 9 9 0
9 9 0 0 0
6 6 6 5 9
9 9 4 4 4
4 0 9 9 9
9 9 9 1 1
9 0 0 0 0
6 6 9 9 9
9 9 4 4 4
4 0 9 4 9
9 9 1 1 1
9 0 0 0 6
6 6 9 9 9
9 9 9 4 4
4 0 4 4 4
4 4 4 4 1
9 9 9 0 6
6 6 1 9 9
9 9 1 1 0
0 4 4 4 4
4 4 4 4 4
9 9 0 0 0
0 9 9 9 9
9 1 1 1 0
4 4 4 4 4
4 4 4 4 4
9 9 0 0 0
0 9 9 9 9
9 1 1 1 1
4 4 4 4 4
4 4 4 4 4
9 9 0 0 0
1 9 9 9 1
1 1 1 1 1
1 1 1 1 4
4 4 9 9 0
9 9 9 0 1
1 0 1 1 1
1 1 1 1 1
1 1 1 1 1
1 9 9 9 0
