9 4 4 4 4
8 8 8 8 9
9 9 9 9 9
9 9 6 6 6
6 6 6 9 9
6 4 4 4 8
8 8 8 8 6
9 9 9 9 9
9 9 6 6 6
6 6 6 9 9
7 4 9 9 8
8 8 8 8 8
6 9 9 9 9
9 9 6 6 7
7 7 7 9 9
9 7 9 9 8
8 8 8 8 8
8 8 9 9 9
9 9 9 9 7
7 7 7 7 6
9 9 8 8 8
8 8 8 8 8
8 8 9 9 9
9 9 9 9 7
7 7 7 6 6
9 9 9 8 8
8 8 8 8 8
8 8 8 8 8
9 9 9 9 9
6 6 6 6 6
9 9 8 8 8
8 8 8 8 8
8 8 8 8 8
8 9 9 9 6
6 6 6 6 6
9 9 8 8 8
8 8 8 8 8
8 8 8 8 8
8 8 9 9 6
6 6 6 6 6
9 9 8 8 8
9 8 8 8 7
8 8 8 8 8
8 8 8 9 9
6 6 6 6 6
9 9 4 4 9
7 7 7 7 4
4 4 9 9 9
9 9 9 9 4
4 4 4 6 6
9 4 4 4 7
7 7 7 4 4
4 4 9 9 9
9 9 9 4 4
4 4 4 4 4
5 4 4 4 7
7 7 7 4 4
4 4 9 9 9
9 9 9 4 4
4 4 4 4 4
5 5 5 4 7
7 7 4 4 4
4 4 9 9 9
4 4 4 4 4
4 4 4 4 4
5 5 5 5 7
7 7 9 4 4
4 4 4 4 4
4 4 4 4 4
4 4 4 4 4
5 5 5 5 7
7 7 4 4 4
4 4 4 4 4
4 4 4 4 4
4 4 9 4 4
5 5 5 5 7
7 7 4 4 4
4 4 4 4 4
4 4 4 4 4
4 4 4 4 4
9 9 5 5 7
7 4 4 4 4
4 4 4 4 4
4 4 4 4 4
4 4 4 4 4
9 9 9 5 5
4 4 4 4 4
4 4 4 4 4
4 4 4 4 4
4 4 4 4 8
9 9 9 9 9
4 4 4 4 4
8 8 4 4 4
4 4 4 4 4
8 4 4 8 8
9 9 9 9 9
9 9 4 4 4
8 8 8 4 4
4 4 4 4 4
4 4 8 8 8
9 9 9 9 9
9 9 9 9 9
8 8 8 4 4
4 4 4 4 4
4 4 7 8 8
9 9 9 9 9
9 9 9 9 9
9 8 8 8 4
4 4 4 4 4
4 4 4 9 9
9 9 9 9 9
9 9 9 9 9
9 8 8 8 4
4 4 4 4 4
4 4 4 9 9
9 9 9 9 9
9 9 4 9 9
9 8 8 8 4
4 4 4 4 4
4 4 4 4 4
9 9 9 9 9
9 9 4 4 4
4 8 8 8 9
4 4 4 4 4
4 4 4 4 4
9 9 9 9 4
4 4 4 4 4
4 4 8 9 4
4 4 4 4 4
4 4 4 4 4
9 9 4 4 4
4 4 4 4 4
4 4 9 4 4
4 4 4 4 4
4 4 4 4 4
9 9 4 4 4
4 4 4 4 4
4 5 4 4 4
4 4 4 4 4
4 4 4 4 4
9 9 4 4 4
4 4 4 4 4
4 4 4 4 4
4 4 4 4 4
4 4 4 4 4
9 4 4 4 4
4 4 4 4 4
4 4 4 4 4
4 4 4 4 4
4 8 4 4 4
4 4 4 4 4
4 4 4 4 4
4 4 4 4 4
4 4 4 4 4
4 8 4 4 4
4 4 4 9 4
4 4 4 4 4
4 4 4 4 4
4 4 4 4 4
4 4 4 4 4
4 4 4 4 4
4 4 4 4 4
5 4 4 4 4
4 4 4 4 4
4 4 4 4 4
4 4 4 4 4
4 4 4 4 4
4 4 4 4 4
4 4 4 5 4
4 5 4 4 4
4 4 4 4 4
4 4 4 4 4
4 4 4 4 4
4 4 5 5 4
4 4 4 4 4
4 4 4 4 4
4 4 4 4 4
4 4 4 4 9
4 4 9 9 4
9 4 4 4 4
4 4 4 4 4
4 4 4 4 4
4 8 9 9 9
9 9 4 4 4
9 4 4 4 4
4 4 4 4 4
4 4 4 4 9
9 9 8 4 4
4 4 4 4 4
9 9 4 4 4
4 4 4 4 4
6 9 9 9 9
9 9 4 4 4
4 4 4 4 9
9 9 5 5 9
4 4 4 5 5
5 4 9 9 9
9 9 4 4 4
4 4 4 9 9
9 9 9 9 9
4 4 4 5 5
5 5 5 9 9
9 9 4 4 4
4 4 4 9 9
9 9 9 9 9
6 4 9 5 5
5 5 5 5 9
9 9 4 4 4
4 4 4 9 9
9 9 9 9 9
9 9 9 9 5
5 4 4 5 5
5 5 4 4 4
4 4 4 4 9
9 9 9 9 9
9 9 9 9 4
4 4 4 5 5
5 5 5 4 4
4 4 4 9 7
9 9 9 9 9
8 8 7 7 4
4 4 6 6 5
5 5 8 7 7
7 7 7 7 9
9 9 9 5 5
8 8 8 7 6
6 6 6 6 6
6 6 6 4 4
4 4 7 7 9
9 9 9 5 5
8 8 8 8 6
6 6 6 6 6
6 6 6 4 4
4 4 9 9 9
9 9 9 9 9
8 8 8 8 6
6 6 6 6 6
6 6 8 8 9
9 9 9 9 9
9 9 9 9 9
8 8 8 4 4
6 6 6 6 6
6 8 8 9 9
9 9 9 9 9
9 9 9 9 9
8 8 8 4 4
4 6 6 4 4
4 9 8 9 9
9 9 9 9 6
9 9 9 9 9
