8 8 8 8 8
8 8 9 9 9
9 5 0 0 8
5 9 9 9 9
9 9 9 9 9
8 8 8 8 8
8 8 9 9 9
5 5 5 0 5
5 9 9 9 9
9 9 9 9 0
8 8 8 8 8
8 8 0 8 8
5 5 5 8 5
5 5 9 9 0
0 0 9 9 9
8 8 8 8 8
8 8 8 8 8
8 8 8 8 5
5 0 0 0 0
0 0 3 9 9
8 8 8 8 8
8 8 8 8 8
8 8 8 8 2
0 0 0 0 0
0 0 3 9 9
8 8 8 8 8
8 8 8 8 8
8 8 8 8 8
0 0 0 0 0
9 9 3 0 0
8 8 8 8 8
8 8 8 8 8
8 8 8 8 2
2 0 0 0 0
9 9 0 0 0
8 8 8 8 8
8 8 8 8 8
2 2 2 2 2
2 2 5 0 0
9 9 0 0 0
8 8 8 8 8
8 8 8 8 8
2 2 2 2 2
2 9 9 5 9
9 9 0 0 0
8 8 8 8 0
8 8 8 8 8
2 2 2 2 2
2 9 0 9 9
9 0 0 0 0
8 8 8 0 0
0 0 9 9 9
9 9 9 2 2
2 9 0 0 9
0 0 0 0 0
8 8 0 0 0
0 0 9 9 9
9 9 9 9 5
5 5 5 3 0
0 0 0 0 0
8 0 0 0 0
0 0 9 9 9
9 9 9 9 5
5 5 5 5 0
0 0 0 0 0
8 8 0 0 0
0 9 9 9 9
9 9 9 9 9
5 5 5 5 0
0 0 0 0 0
0 0 5 0 0
0 9 9 9 9
9 9 9 9 9
5 5 5 5 0
0 0 0 0 0
0 0 5 0 0
5 5 9 9 9
9 9 5 9 9
5 5 5 0 0
0 0 0 0 0
0 0 9 5 5
5 5 9 9 9
5 5 5 9 9
9 5 5 0 0
0 0 1 1 1
9 9 9 5 5
5 9 9 9 9
9 5 5 5 0
0 0 9 9 0
0 0 3 3 3
9 9 9 9 5
5 9 9 9 9
9 5 5 5 5
0 9 9 9 9
9 3 3 3 3
3 9 9 3 3
5 9 9 9 9
9 5 5 5 5
9 9 9 9 9
9 3 3 3 3
3 3 3 3 3
9 9 9 9 9
9 0 5 5 5
5 9 9 9 9
3 3 3 3 3
3 3 3 3 3
9 9 9 9 0
0 0 5 5 5
5 9 9 9 5
5 3 3 3 3
1 3 3 9 9
9 9 9 9 0
0 0 0 5 5
5 9 9 9 8
8 2 2 2 2
1 9 9 9 9
9 9 9 9 0
0 0 0 9 3
5 9 9 8 8
8 2 2 2 2
9 9 9 9 9
9 9 9 9 0
0 0 0 3 3
9 9 9 8 8
8 8 9 9 9
9 9 9 9 9
9 9 9 1 1
0 0 9 9 9
9 9 9 3 3
0 9 9 9 9
9 9 9 9 1
1 1 1 1 1
1 9 9 9 9
9 9 3 3 3
9 9 9 9 9
9 9 1 1 1
1 1 1 1 1
9 9 9 9 9
9 9 3 3 9
9 9 9 9 9
9 1 1 1 1
1 1 1 1 1
9 9 9 9 9
9 9 8 9 9
9 9 9 9 9
1 1 1 1 1
1 1 1 1 1
8 9 9 9 9
9 8 8 9 9
9 9 9 9 9
1 1 1 1 1
1 8 8 8 5
5 9 9 9 9
3 0 0 0 9
9 9 9 9 9
2 2 2 2 1
1 8 8 8 5
5 3 9 0 0
0 0 0 0 0
9 9 9 9 9
2 2 2 2 2
2 8 8 8 5
5 3 3 0 0
0 0 0 0 0
9 9 9 9 9
2 2 2 2 2
2 2 8 3 3
3 3 3 0 0
0 0 0 0 0
9 9 9 9 9
5 5 2 2 2
2 2 3 3 3
3 3 0 0 0
0 0 0 0 0
0 8 8 0 0
5 5 2 2 2
2 2 3 3 3
2 2 0 0 0
0 0 0 0 0
8 8 8 5 0
5 5 5 2 2
2 2 2 2 2
2 2 0 0 0
0 0 0 0 0
8 8 8 9 9
5 5 5 5 5
2 2 2 2 2
2 2 2 0 0
0 0 0 0 0
8 8 9 9 9
5 5 5 5 5
5 2 2 2 2
2 2 2 2 9
0 0 3 3 0
1 9 9 9 9
5 5 5 5 5
5 5 2 2 2
3 2 2 2 9
9 9 9 9 9
9 9 9 9 9
5 5 5 5 5
5 5 0 0 0
3 3 2 2 9
9 9 9 9 9
9 9 9 9 9
5 5 5 5 5
5 5 8 9 9
9 9 2 2 0
9 9 9 9 9
9 9 9 9 9
5 5 5 5 0
0 8 9 9 9
9 9 9 9 2
2 9 9 9 9
9 9 9 9 9
5 5 5 0 0
0 0 9 9 9
9 9 9 9 9
2 9 9 9 9
9 9 9 9 9
0 0 0 0 5
0 0 0 0 0
9 9 9 9 9
9 9 9 9 9
9 9 9 9 9
0 0 0 0 0
0 0 0 0 0
0 9 9 9 9
9 9 9 9 9
9 9 9 9 9
0 0 0 0 0
0 0 0 0 0
0 9 9 9 9
9 9 9 9 9
2 9 9 9 9
0 0 0 0 0
0 0 0 0 0
0 9 9 9 9
9 9 9 9 2
2 2 0 0 3
0 0 0 0 2
0 0 0 0 0
2 2 9 9 9
9 9 9 9 2
2 2 0 0 3
0 0 0 2 2
0 0 0 0 0
2 2 2 9 9
9 9 0 0 2
2 0 0 3 3
