9 9 9 9 9
9 1 1 1 9
9 9 3 3 3
3 3 3 4 4
4 4 4 4 4
9 9 9 9 9
1 1 1 1 9
9 3 3 3 3
3 3 3 4 4
4 4 4 4 4
9 9 9 9 9
1 1 1 1 1
1 9 3 3 3
3 3 3 9 9
4 4 4 4 4
9 9 9 0 0
0 1 1 1 1
1 1 1 3 3
3 3 3 9 9
9 9 9 4 4
9 9 9 0 9
9 9 1 1 1
1 1 1 3 3
3 3 9 9 9
9 9 9 4 4
0 9 9 9 9
9 9 9 1 1
1 1 1 1 1
1 1 9 9 9
9 9 1 1 1
9 0 9 9 9
9 9 9 1 1
1 1 1 1 1
1 1 9 9 9
9 1 1 1 1
9 9 9 9 9
9 9 1 1 1
1 1 1 1 1
1 1 9 9 9
9 1 1 1 1
9 9 9 9 9
9 9 1 1 1
1 1 1 1 1
9 9 9 9 9
9 1 1 1 1
9 9 9 9 9
9 9 1 1 1
1 9 9 9 9
9 9 0 9 9
9 1 1 1 9
9 9 9 9 9
9 9 3 3 3
3 0 9 9 9
9 9 9 9 9
9 9 9 9 9
9 9 9 3 3
3 3 3 3 3
3 0 0 9 9
9 9 9 9 9
9 9 9 9 9
9 9 9 3 3
3 3 9 9 9
3 4 4 0 9
9 9 9 9 9
9 9 9 9 9
9 9 9 3 3
3 3 3 9 9
4 4 4 0 0
0 9 9 9 9
9 9 9 9 9
9 9 9 3 3
3 3 9 9 9
9 4 4 0 0
0 0 0 9 9
9 9 9 9 9
9 9 9 0 0
0 9 9 9 9
9 0 0 0 0
0 0 9 9 9
9 9 9 9 9
9 9 0 0 0
9 9 9 9 9
9 0 0 0 0
0 9 9 9 9
9 9 9 9 9
9 9 0 0 0
0 9 9 9 9
9 8 8 0 8
8 8 9 9 9
0 9 1 1 1
9 9 0 0 0
0 0 0 9 9
9 8 8 8 8
8 8 9 9 0
0 1 1 1 1
9 9 9 0 0
0 0 0 1 1
9 8 8 8 8
8 9 9 9 0
1 1 1 1 1
9 9 9 0 0
0 0 0 1 1
1 9 8 8 8
0 0 9 9 9
1 1 1 1 1
9 9 9 9 0
0 0 0 1 1
1 1 9 0 0
0 0 0 0 1
1 1 0 9 9
9 9 9 9 0
0 0 0 0 1
1 1 9 0 0
0 0 0 0 1
1 1 1 9 9
9 9 9 0 0
0 0 0 0 1
1 1 1 0 0
0 0 0 0 1
1 1 9 9 0
0 0 0 1 0
0 0 0 0 1
1 1 1 4 4
3 0 0 0 1
1 4 9 1 0
0 0 0 1 1
0 0 0 0 1
1 1 1 4 3
3 3 3 3 4
4 4 4 1 0
0 0 0 9 9
0 0 0 0 0
1 1 0 4 3
3 3 3 3 4
4 4 4 9 1
0 0 0 9 0
0 0 0 0 0
0 9 0 0 0
3 3 3 3 9
0 9 9 9 9
0 0 0 0 0
0 0 0 0 0
0 0 0 0 0
0 3 3 3 9
9 9 9 9 0
0 0 0 0 0
0 0 0 0 0
0 0 0 0 0
0 3 9 9 9
9 9 9 9 0
0 0 0 0 0
0 0 0 0 0
0 0 0 0 0
9 3 3 9 8
8 9 9 9 9
0 0 0 0 0
0 0 0 0 0
0 0 0 0 9
9 3 3 9 8
8 8 4 9 9
3 8 0 0 0
0 0 0 0 0
0 0 0 9 9
9 3 3 9 8
8 8 4 4 9
8 8 8 9 0
0 9 9 8 8
8 0 0 3 3
3 3 3 9 8
8 8 8 8 8
8 8 8 0 0
0 9 8 8 8
8 8 3 3 3
3 4 4 4 8
8 8 8 8 8
8 8 8 9 9
9 8 8 8 8
8 8 8 8 8
3 4 4 4 8
8 8 8 8 8
8 8 9 9 9
3 8 8 8 8
8 8 8 8 8
8 8 4 4 8
8 8 8 8 8
9 9 9 9 9
3 8 8 8 8
8 8 8 8 8
8 8 8 8 8
8 8 8 8 8
9 9 9 9 9
9 3 8 8 8
8 8 8 8 8
8 8 8 8 8
8 8 8 8 8
9 9 9 9 9
9 8 8 8 8
8 8 8 8 8
8 8 8 8 8
8 8 8 8 9
9 3 1 1 1
1 3 8 8 8
8 8 8 8 8
8 8 8 8 8
8 8 8 8 8
3 3 1 1 1
1 8 8 8 8
8 8 8 8 8
8 8 8 8 8
8 4 8 3 3
3 3 3 1 1
1 8 8 8 8
8 8 8 8 8
8 8 8 8 8
8 8 3 3 3
9 9 9 9 9
8 8 8 8 8
8 8 8 8 8
8 8 8 8 8
8 3 3 3 3
9 9 9 9 9
9 8 8 8 8
8 8 8 8 8
8 8 8 8 8
3 3 3 3 3
9 9 9 9 9
8 3 8 8 8
8 8 8 8 9
8 8 8 8 8
3 3 3 3 0
1 1 1 8 8
8 8 8 8 4
4 8 8 8 9
8 8 8 8 8
3 3 3 0 0
1 1 1 8 8
8 8 8 8 4
4 8 8 8 3
3 8 8 8 8
8 3 3 0 0
1 1 8 8 8
8 8 8 8 0
1 1 1 8 3
3 8 8 8 8
8 8 0 0 8
1 1 8 8 8
8 8 8 8 0
1 1 1 1 3
3 8 8 8 8
8 0 0 8 8
