6 6 9 1 1
6 6 6 9 9
9 9 9 9 9
5 5 8 8 8
8 8 8 9 9
6 6 1 1 1
1 6 6 9 9
9 9 9 9 5
5 8 8 8 8
8 8 9 9 9
9 1 1 1 1
8 8 8 8 8
3 3 3 3 5
5 8 8 8 8
8 8 9 9 9
5 1 1 1 1
8 8 8 8 3
3 3 3 3 3
3 8 8 8 8
8 9 9 9 9
1 1 1 1 1
8 8 8 8 3
3 3 3 3 3
8 8 8 8 8
8 9 6 6 6
1 1 1 1 1
1 1 1 9 3
3 3 3 3 3
8 8 8 8 8
8 8 6 6 6
1 1 1 1 1
1 1 1 1 9
9 9 9 9 8
8 8 8 8 8
8 6 6 6 6
1 1 1 1 1
1 1 1 1 9
9 9 9 9 8
8 8 8 8 8
1 6 6 6 6
1 1 1 1 1
1 1 1 1 9
9 9 9 9 9
9 9 8 1 1
1 1 6 6 6
1 1 1 1 1
1 1 1 5 8
1 9 9 9 9
9 9 1 1 1
1 1 6 6 6
1 1 1 1 1
1 1 5 5 5
1 1 1 1 1
9 9 1 1 1
1 9 9 6 6
9 1 1 1 1
1 1 5 5 5
1 1 1 1 1
1 1 1 1 1
1 9 9 9 9
9 1 1 1 1
1 1 1 1 1
1 1 1 1 1
1 1 1 1 1
1 9 9 6 6
9 1 1 1 1
1 1 1 1 1
1 1 1 1 1
1 1 1 1 5
5 5 6 6 6
1 1 1 1 1
1 1 1 1 1
1 1 1 1 1
1 1 1 1 5
5 5 5 6 6
1 1 1 1 1
1 1 1 1 1
1 1 1 1 1
1 1 1 1 1
5 5 5 1 1
1 1 1 1 9
9 9 1 1 1
1 1 1 1 1
1 9 9 9 9
5 5 5 5 1
1 1 1 1 9
9 9 1 1 1
1 1 1 1 1
1 1 9 9 9
5 5 5 5 1
1 1 1 1 1
9 9 9 9 9
1 1 1 1 1
1 9 9 9 9
9 5 5 5 6
1 1 1 1 1
9 9 9 9 9
9 5 5 1 9
9 9 9 9 9
9 5 5 6 6
1 1 1 1 1
9 9 9 9 9
5 5 5 5 9
9 9 9 9 9
5 5 5 6 6
1 1 1 1 1
9 9 9 3 6
6 5 5 5 9
9 9 9 9 9
9 9 9 9 9
1 1 1 1 1
1 9 9 9 6
6 6 5 8 8
9 3 3 9 9
9 9 9 9 9
1 1 1 1 1
1 1 9 6 6
6 8 8 8 8
3 3 3 3 9
9 9 9 9 9
1 1 1 1 1
1 1 9 8 8
8 8 8 8 8
3 3 3 3 9
9 9 9 9 9
1 1 1 1 1
1 1 9 8 8
8 8 8 8 6
3 3 3 3 9
9 9 9 9 9
1 1 1 1 1
1 1 8 9 8
8 8 8 8 8
3 3 3 6 9
9 9 9 9 9
1 1 1 1 1
1 1 8 3 3
9 8 8 8 8
8 8 3 8 8
8 9 9 8 8
1 1 1 1 1
1 3 3 3 3
1 1 8 8 8
8 8 8 8 8
8 8 8 8 8
9 9 9 9 3
3 3 3 3 3
6 6 8 8 8
8 8 8 8 8
8 8 8 8 8
9 9 9 3 3
3 3 3 3 6
6 9 8 8 8
8 8 8 8 8
8 8 8 8 8
9 9 6 3 3
3 3 3 3 6
9 9 9 8 8
8 8 8 8 8
8 8 8 8 8
6 6 6 6 6
3 3 3 1 9
9 9 9 8 8
8 8 8 8 9
9 9 8 8 8
6 6 6 6 6
6 6 1 1 9
9 9 9 9 8
8 8 8 9 9
9 9 8 8 8
6 6 6 6 6
6 6 1 1 9
9 9 9 9 9
8 8 1 9 9
9 9 8 8 8
6 6 6 6 6
6 6 1 9 9
9 9 9 9 9
9 1 1 1 1
9 9 8 8 8
6 6 3 3 6
6 5 9 9 9
9 9 9 9 9
9 1 1 1 1
1 1 6 8 8
6 6 3 3 3
5 9 9 9 9
9 9 9 9 9
1 1 1 1 1
1 1 1 1 1
3 3 3 3 3
9 9 9 9 9
9 9 6 6 6
1 1 1 1 1
1 1 1 1 1
3 3 3 3 3
9 9 9 9 9
9 6 6 6 6
1 1 1 1 1
1 1 1 1 1
3 3 3 3 3
5 5 5 9 9
9 9 6 6 9
9 9 1 1 1
1 1 1 1 1
3 3 3 3 5
5 5 5 5 5
9 9 9 9 9
9 9 9 1 1
1 1 1 9 9
3 3 3 3 3
5 5 5 5 5
5 5 9 9 9
9 9 9 1 1
1 1 1 9 9
3 3 3 3 3
5 5 5 5 5
5 5 9 9 9
9 9 9 5 5
9 9 9 9 9
3 3 3 3 3
3 9 9 9 5
5 5 1 1 1
9 9 9 9 9
9 9 9 9 1
3 3 3 3 3
3 9 9 9 5
5 5 1 1 1
9 9 9 9 9
9 9 9 9 9
3 3 3 3 3
3 3 9 9 5
5 5 1 1 1
1 9 5 9 9
9 9 9 9 9
3 3 3 3 3
3 3 9 9 9
5 1 1 1 1
1 1 5 5 5
9 9 9 9 9
3 3 3 3 3
3 3 3 3 3
3 3 3 1 1
1 8 5 5 5
9 9 9 9 9
3 3 3 3 3
3 3 3 3 3
3 3 3 3 1
8 8 8 5 9
9 9 9 9 9
