9 9 9 9 9
9 0 3 3 3
9 9 9 9 9
9 9 9 1 1
1 1 3 3 3
9 9 9 9 9
9 3 3 3 3
3 9 9 9 9
9 9 9 1 1
1 1 3 3 3
0 9 9 9 3
3 3 3 3 3
3 9 9 9 9
9 9 1 1 1
1 1 1 1 3
0 0 9 9 3
3 3 3 3 3
3 3 3 9 9
9 9 1 1 1
1 1 1 1 1
0 0 0 0 3
3 3 3 9 9
3 3 3 9 9
9 9 1 1 1
1 1 1 1 1
0 0 0 0 0
0 0 0 9 9
3 3 3 0 0
9 9 1 1 9
9 9 6 6 0
0 0 0 0 0
0 0 9 9 9
9 0 0 0 0
9 9 1 9 9
9 6 6 6 0
0 0 0 0 0
0 0 9 9 9
9 9 0 0 0
9 9 9 9 9
9 6 6 6 6
0 0 0 0 0
0 9 9 9 9
9 6 6 6 0
0 0 9 9 9
9 9 6 6 0
0 0 0 0 0
0 0 9 9 9
9 6 6 6 6
0 0 0 9 9
9 9 9 9 0
0 0 0 0 0
0 0 9 9 1
1 6 6 6 6
0 0 0 9 9
9 9 9 9 9
6 6 0 0 0
0 0 6 6 1
1 1 6 6 6
9 0 9 9 9
9 9 9 9 9
6 6 0 0 6
6 6 6 6 6
6 6 6 6 9
9 9 9 9 9
9 9 9 9 9
6 6 6 6 6
6 6 6 6 6
6 6 6 9 9
9 9 9 9 9
9 9 9 9 9
6 6 6 6 6
6 6 6 6 6
6 0 6 9 9
9 9 9 9 9
9 9 9 9 9
6 6 6 6 6
6 6 6 6 6
0 0 9 9 9
9 9 9 9 9
9 9 9 9 9
0 0 0 0 6
6 6 6 6 0
0 0 9 9 9
9 9 9 9 9
0 0 9 9 9
0 0 0 0 3
6 6 6 6 0
0 0 0 9 9
9 9 9 9 9
0 9 9 9 9
0 0 0 3 9
3 9 9 9 9
0 0 0 0 0
9 1 1 1 9
9 9 9 9 9
9 9 9 9 9
9 9 9 9 9
9 0 0 0 0
0 1 1 1 9
9 9 9 0 0
9 9 9 9 9
9 9 9 9 9
9 9 0 0 0
0 1 1 1 9
9 9 9 0 0
0 9 9 9 9
9 9 9 9 9
9 9 0 0 0
0 1 1 1 1
9 9 9 9 0
0 9 9 9 9
9 9 9 9 9
9 9 9 9 9
9 1 1 0 0
0 9 9 9 9
9 9 9 9 9
9 9 9 9 9
9 9 9 9 9
9 9 0 0 0
0 9 9 9 9
9 9 9 9 9
9 9 9 9 9
9 9 9 9 9
9 9 0 0 0
0 9 9 9 9
9 9 9 9 9
9 9 9 9 9
9 9 9 9 9
9 9 0 0 0
0 9 9 9 0
9 9 9 3 3
3 3 3 9 9
9 9 9 9 9
9 9 9 0 0
0 0 0 0 0
9 3 3 3 3
3 3 3 9 9
1 1 9 9 9
9 9 9 0 0
0 0 0 0 0
3 3 3 3 3
3 3 3 9 9
3 9 9 9 9
9 9 9 9 0
0 6 0 0 0
3 3 3 3 3
3 3 9 9 9
9 9 9 9 9
9 9 9 9 0
0 0 0 0 0
1 9 9 3 3
3 3 9 9 9
9 9 9 9 9
9 9 9 9 0
0 0 0 0 0
9 9 9 3 3
3 9 9 9 9
9 9 9 9 9
9 9 9 9 0
0 0 0 0 0
9 3 3 3 3
3 3 9 9 9
9 9 9 9 9
9 9 9 0 0
0 0 0 9 9
3 3 3 3 3
3 3 3 3 9
9 9 9 9 9
0 0 0 0 0
0 0 0 9 9
3 3 3 3 3
3 3 3 3 9
9 9 9 9 0
0 0 0 0 0
0 0 0 9 9
3 3 3 3 3
3 3 3 3 9
9 9 9 9 0
0 0 0 0 0
0 0 9 9 9
9 9 3 3 3
3 3 3 3 6
0 9 9 0 0
0 0 0 0 0
0 1 1 9 9
9 9 9 3 3
3 1 1 1 6
6 6 6 6 0
0 0 0 0 0
3 1 1 9 9
9 9 3 3 3
1 1 1 6 6
6 6 6 6 0
0 0 0 0 3
3 3 1 9 9
9 9 9 3 1
1 1 1 1 6
6 6 6 6 6
6 6 6 6 3
3 3 3 9 9
9 9 9 9 1
1 1 1 1 1
6 6 6 6 6
6 6 6 6 3
3 3 3 9 9
9 9 9 9 9
1 1 1 1 1
6 6 6 6 6
6 6 6 6 6
6 3 3 9 9
9 9 9 9 9
1 1 1 1 1
6 6 6 6 6
6 6 6 6 6
6 6 3 6 6
9 9 9 9 9
9 1 1 1 1
6 6 6 6 6
6 6 6 6 6
6 6 6 6 6
9 9 9 9 9
6 1 1 1 1
6 6 6 6 6
6 6 6 6 6
6 6 6 6 6
9 9 9 9 6
1 1 1 1 1
6 6 6 6 6
6 6 6 6 6
6 6 6 9 0
1 1 1 9 1
1 1 1 1 1
6 6 6 6 6
6 6 6 6 6
6 6 9 9 9
1 1 1 9 1
1 1 1 1 1
1 0 0 6 6
6 6 6 6 6
6 6 9 9 9
1 1 1 9 9
1 1 1 1 1
1 0 0 6 6
6 6 6 6 6
6 6 9 9 9
1 1 9 9 9
1 1 1 1 1
3 0 0 6 6
6 6 6 6 6
6 6 9 9 9
