9 9 9 9 9
0 0 0 0 0
0 0 0 0 8
8 8 8 9 9
3 3 8 8 8
9 9 9 9 9
0 0 0 0 0
0 0 0 0 8
8 8 8 9 9
0 0 0 8 8
9 9 9 9 9
0 0 0 0 0
0 0 0 8 8
8 8 8 9 9
0 0 0 8 8
9 9 9 9 9
9 9 0 0 0
0 0 0 9 9
8 8 8 8 4
0 0 9 8 8
8 8 8 9 9
9 9 9 0 0
0 0 0 4 0
0 8 8 8 4
4 5 5 0 0
8 8 8 8 8
9 9 9 9 9
0 0 0 4 5
5 8 8 8 9
5 5 5 5 0
8 8 8 8 8
9 9 9 9 0
0 0 0 0 5
5 8 8 8 9
9 5 5 5 5
8 8 8 8 8
8 9 0 0 0
0 0 0 8 5
5 5 4 8 9
9 5 5 5 5
8 8 8 8 8
8 8 0 0 0
0 0 8 8 8
4 4 4 4 0
5 5 5 5 5
8 8 8 8 8
8 8 0 0 0
0 0 0 4 4
4 4 4 0 0
0 5 5 5 5
8 8 8 8 8
8 8 8 0 0
0 0 0 4 4
4 0 0 0 0
0 0 0 0 9
3 8 8 8 8
8 8 8 0 0
0 0 0 4 4
4 4 4 0 0
0 0 0 0 9
3 8 8 8 8
8 8 0 0 0
0 0 0 4 4
4 4 4 4 9
9 0 0 9 9
9 9 9 8 8
8 8 0 0 0
9 9 9 4 4
4 4 0 9 9
9 9 9 0 0
9 9 9 9 9
9 8 0 0 9
9 9 9 4 4
4 0 0 9 9
9 9 9 8 8
9 9 9 9 9
9 9 8 0 9
9 9 9 9 0
0 0 0 0 9
9 9 9 9 9
9 9 9 9 9
9 9 9 0 0
0 0 0 0 0
3 3 3 0 9
9 9 9 9 9
9 9 9 9 9
9 9 9 9 0
0 0 0 3 3
3 3 3 9 9
9 9 9 9 9
9 9 9 9 9
9 9 9 9 4
0 0 3 3 3
3 3 3 9 9
9 9 9 9 9
9 9 9 9 9
9 9 9 9 4
4 4 3 3 3
3 3 3 3 3
3 3 9 9 9
3 3 8 9 9
9 9 9 8 4
3 0 3 3 3
3 3 3 3 3
3 3 3 9 9
3 3 9 9 9
9 9 8 3 3
3 3 3 3 3
3 3 3 3 3
3 3 3 3 3
3 9 9 9 9
9 9 9 3 3
3 3 3 3 3
3 3 3 3 3
3 3 3 3 3
9 9 9 9 9
9 9 9 3 3
3 3 3 3 3
3 3 3 3 3
9 3 3 3 3
9 9 9 9 9
3 9 9 3 3
3 3 3 3 3
3 3 3 3 3
9 9 3 3 3
9 9 9 9 9
3 3 3 3 3
3 3 3 3 3
5 5 8 8 8
8 8 8 3 3
9 9 9 9 3
3 3 3 3 3
3 3 3 3 5
5 5 8 8 8
8 8 9 9 9
0 0 9 9 3
3 3 3 3 3
3 3 3 3 0
0 9 9 8 8
8 9 9 9 9
0 0 0 0 0
3 3 9 8 3
3 3 3 0 0
9 9 9 9 9
9 9 9 9 9
0 0 0 0 0
0 9 9 8 0
3 3 3 0 9
9 9 9 9 9
9 9 9 9 8
0 0 0 0 0
0 0 0 0 0
0 9 9 0 9
9 9 9 9 9
9 9 9 8 8
0 0 0 0 0
0 0 0 0 0
0 0 0 8 8
8 8 8 4 8
9 9 8 8 8
0 0 0 0 0
0 0 0 0 0
0 0 3 3 8
8 8 8 8 8
8 8 8 8 8
0 0 0 0 0
0 0 0 0 0
0 0 0 3 8
8 8 8 8 8
8 8 8 8 8
0 0 0 0 9
9 0 0 0 0
0 0 3 8 8
8 8 8 8 8
8 8 8 8 8
0 0 0 8 9
9 0 0 0 0
0 0 0 8 8
8 8 8 8 8
8 8 8 8 8
0 8 8 8 8
8 0 0 0 0
0 0 0 8 8
8 8 8 8 8
8 8 8 8 8
0 8 8 8 8
8 8 8 0 0
0 0 0 0 8
8 8 8 8 8
8 8 8 8 8
9 8 8 8 8
8 0 0 0 0
0 0 0 0 0
8 8 8 8 8
8 8 8 8 8
8 8 8 8 8
8 0 0 0 0
0 0 0 0 0
0 8 8 8 8
8 8 8 8 8
8 8 8 8 8
8 0 0 0 0
0 0 0 0 0
0 8 8 8 8
8 8 8 8 9
8 8 8 8 8
8 8 8 8 8
0 0 0 0 0
4 4 4 3 3
8 8 8 8 0
8 8 8 8 8
8 8 8 8 8
0 0 0 0 0
4 4 4 3 3
3 8 0 0 0
8 8 8 8 9
9 9 8 8 8
3 3 3 3 9
9 3 3 3 3
3 0 0 0 0
8 8 8 8 9
9 9 9 8 3
3 3 3 3 3
3 3 3 3 3
3 3 0 0 0
8 9 9 9 9
9 9 9 9 3
3 3 3 3 3
3 3 3 3 3
3 3 0 0 9
4 9 9 9 9
9 9 9 9 4
4 4 3 3 3
3 3 3 3 3
3 3 3 9 9
4 4 9 9 9
9 9 9 9 4
4 4 3 3 3
3 3 3 3 3
3 9 9 9 9
9 9 9 9 9
9 9 9 9 4
4 4 3 3 3
3 3 3 5 0
0 9 9 9 9
9 9 9 9 9
9 9 9 9 3
3 3 3 3 3
3 3 3 3 0
0 9 9 9 9
