1 1 1 1 9
9 9 9 9 9
9 9 9 9 9
0 0 0 3 3
3 3 3 3 3
1 1 1 1 9
9 9 9 9 9
9 9 9 9 9
3 0 0 3 3
3 3 3 3 3
1 1 1 1 1
9 9 9 9 9
9 9 9 9 3
3 3 3 3 3
3 3 3 6 6
1 1 1 1 1
1 1 9 6 6
6 6 8 8 3
3 3 3 3 3
3 3 3 6 6
1 1 1 3 1
1 1 6 6 6
6 8 8 8 3
3 3 3 3 3
3 3 6 6 6
1 1 3 3 1
1 6 6 6 6
6 8 8 3 3
3 0 1 6 3
3 3 6 6 6
1 3 3 3 1
1 3 6 6 6
0 0 8 9 3
0 0 6 6 6
6 6 6 6 6
6 6 3 3 3
3 3 3 3 0
0 0 0 9 9
6 6 6 6 6
6 6 6 6 6
6 6 3 3 3
3 3 3 3 0
0 0 0 8 6
6 6 6 6 6
6 6 6 6 6
6 6 8 3 3
3 3 3 1 1
0 0 3 8 8
6 6 6 6 6
6 6 6 6 6
9 9 9 9 9
0 3 1 1 1
1 1 1 8 8
9 6 6 6 6
6 6 6 6 6
9 9 9 9 0
0 0 1 1 1
1 1 0 0 0
3 6 6 6 6
6 6 6 6 6
9 9 9 9 0
0 0 0 1 1
1 1 8 8 8
3 6 6 6 6
6 6 6 6 6
1 1 1 0 0
0 0 0 1 1
1 1 6 8 3
3 6 6 6 6
6 6 6 6 6
1 1 8 8 0
0 0 0 1 1
1 1 6 0 8
6 6 6 6 6
6 6 6 6 6
6 8 8 8 8
8 8 8 1 1
1 1 0 0 6
6 6 6 6 6
6 6 6 6 9
8 8 8 8 8
8 8 8 1 1
1 1 0 0 6
6 6 6 6 6
6 6 6 6 9
8 8 8 8 8
8 8 8 0 1
1 1 8 6 6
6 6 6 1 1
6 6 6 8 8
8 8 8 8 3
3 3 0 0 1
1 1 1 8 8
6 9 1 1 1
1 1 8 8 8
8 8 8 8 3
3 3 0 0 1
1 1 1 8 8
6 9 9 1 1
1 1 1 8 8
9 9 0 0 0
3 3 8 8 8
1 8 8 8 8
0 0 1 1 1
1 1 1 8 8
0 0 0 0 0
0 0 0 8 8
8 8 8 8 8
0 0 1 1 1
1 1 1 1 8
0 0 0 0 0
0 0 0 8 8
8 8 8 8 9
0 0 1 1 1
1 1 1 1 8
0 0 0 0 0
0 0 0 0 8
9 9 9 6 6
0 0 0 1 1
1 1 1 1 8
0 0 0 0 0
0 0 0 0 8
9 9 9 9 8
0 0 0 1 1
1 3 1 1 8
0 0 0 0 0
6 0 9 9 9
9 9 9 9 8
0 0 0 0 0
0 0 0 8 8
0 0 0 0 6
9 9 9 9 9
9 9 9 9 0
0 0 0 0 0
0 0 0 0 0
0 0 0 6 6
6 9 9 9 9
9 9 9 9 0
0 0 0 0 0
0 0 0 0 0
3 9 9 9 6
9 9 9 9 9
9 0 0 0 0
0 0 0 0 0
0 0 0 0 0
3 3 9 9 9
9 9 9 9 9
9 8 8 0 0
0 1 1 1 0
0 0 0 0 0
3 3 9 9 9
9 9 9 8 8
9 8 8 0 9
1 1 1 1 0
0 0 0 0 0
3 3 9 9 9
9 9 9 8 8
9 8 8 9 9
1 1 1 1 9
9 9 9 9 9
3 3 9 9 9
9 9 9 8 8
9 9 9 9 9
9 9 1 9 9
9 9 9 9 9
3 3 9 9 9
9 9 0 0 0
9 9 9 9 9
9 9 8 9 9
9 9 9 9 9
3 3 3 9 9
9 0 0 0 0
0 9 9 9 9
9 6 9 9 9
9 9 9 9 9
3 3 3 9 9
9 0 0 0 0
0 9 9 9 9
9 9 9 9 9
9 9 9 9 9
3 3 3 9 9
9 8 0 0 0
0 9 9 9 9
9 9 9 9 9
9 9 9 9 9
8 6 6 9 0
0 8 8 8 0
0 9 9 9 9
9 9 9 9 9
9 8 9 9 9
8 8 8 8 0
0 8 8 8 8
8 9 9 9 9
9 9 9 9 9
9 9 9 9 9
8 8 8 8 8
8 8 8 8 8
8 8 9 9 9
9 9 9 9 9
9 9 9 9 9
8 1 1 1 8
8 8 8 8 8
0 0 9 9 9
9 9 9 9 9
9 9 9 9 9
1 1 1 9 8
8 8 8 8 8
0 0 0 9 9
9 9 9 9 9
9 9 9 1 1
9 1 9 9 9
9 8 8 8 8
0 0 0 9 9
9 9 9 9 9
9 9 1 1 1
9 9 9 9 9
9 8 8 8 8
0 0 0 9 9
6 6 9 9 9
9 9 1 1 1
9 9 9 9 9
9 0 8 8 8
3 3 0 8 8
8 6 6 9 9
9 9 9 1 1
9 9 9 9 9
0 0 0 8 8
3 3 8 8 8
8 8 6 9 9
9 9 0 0 6
9 9 9 9 9
0 0 0 8 8
8 8 8 8 8
8 6 6 6 1
6 6 6 6 6
9 9 9 9 9
1 0 1 1 1
0 0 8 8 6
6 6 6 6 1
6 6 6 6 6
9 9 3 3 3
1 1 1 1 1
0 0 6 6 6
6 6 6 6 6
6 6 6 6 6
9 9 3 3 3
1 1 1 1 1
0 0 6 6 6
6 6 6 6 6
6 6 6 6 6
