0 0 1 1 1
1 1 1 5 5
5 1 1 1 1
1 1 1 1 1
1 1 1 1 1
0 0 1 1 1
1 1 1 1 1
1 1 1 1 1
1 1 1 1 1
1 1 1 1 1
9 0 0 0 1
1 1 1 1 1
1 1 1 1 1
1 1 1 1 1
4 4 4 4 1
9 9 9 9 9
9 1 1 1 1
1 1 1 1 1
1 1 1 1 1
4 4 4 4 4
9 9 9 9 9
9 1 1 9 1
1 1 1 1 1
1 1 1 1 1
4 4 4 4 4
9 9 9 9 9
9 5 9 9 9
9 1 1 1 1
1 1 1 1 4
4 4 4 4 4
9 9 9 9 5
5 5 9 9 9
9 9 9 5 9
9 0 1 5 5
4 4 0 4 4
0 9 9 9 9
5 5 9 9 9
9 9 9 9 9
9 9 5 5 5
5 0 0 4 5
0 9 9 9 9
9 9 9 9 9
9 9 9 9 9
9 9 5 5 1
1 0 0 0 5
0 9 9 9 9
9 9 9 9 9
9 9 9 9 0
9 5 1 1 1
1 1 4 4 4
9 9 9 9 9
9 9 9 9 9
9 9 0 0 0
5 5 1 1 1
1 1 4 4 4
9 9 9 9 9
9 9 9 9 9
9 9 9 0 0
5 5 5 5 5
5 5 4 4 4
9 9 9 9 9
1 9 9 9 9
9 9 9 9 4
4 4 5 5 5
0 0 4 4 4
9 9 9 1 1
1 1 1 9 9
9 9 9 9 4
4 4 4 4 4
4 0 0 4 4
9 9 9 1 1
1 0 0 9 9
9 9 9 9 4
4 4 4 4 4
4 0 0 0 9
9 9 9 9 9
0 0 0 0 9
9 9 9 9 9
4 4 4 4 4
4 4 0 9 9
9 9 9 9 9
0 0 0 0 9
9 9 9 9 9
4 4 4 4 4
4 4 4 9 9
9 9 9 9 9
9 0 0 9 9
9 9 9 9 5
4 4 4 4 4
4 4 4 9 9
9 9 9 9 9
9 9 9 9 9
9 9 9 5 5
5 5 4 4 4
4 4 4 4 9
5 9 9 9 9
9 5 5 5 9
9 9 9 9 5
5 4 4 4 4
4 4 4 4 4
5 9 9 9 9
5 5 5 5 9
9 9 9 9 9
9 4 4 4 4
4 4 4 4 4
9 9 9 9 5
5 5 5 4 4
9 9 9 9 9
9 4 0 0 4
4 4 4 4 4
0 1 1 1 5
5 5 5 4 4
4 9 4 4 4
0 0 0 0 0
4 4 4 4 4
1 1 1 1 1
5 5 5 4 4
4 4 4 4 4
4 0 0 0 0
0 0 0 4 0
5 5 1 1 1
5 5 5 5 5
4 4 4 4 4
4 0 0 0 0
0 0 0 0 0
5 5 1 1 1
1 5 5 5 4
4 4 4 4 4
4 0 0 0 0
0 0 0 0 0
5 1 1 1 1
1 0 0 0 4
4 4 4 4 0
0 0 0 0 0
0 0 0 0 0
1 1 1 1 1
1 0 0 0 4
4 4 4 4 4
4 0 0 0 0
0 0 0 0 0
1 1 0 0 0
1 0 0 0 4
4 4 4 4 4
4 0 0 0 0
0 0 0 0 0
9 0 0 0 0
0 0 0 0 4
4 4 4 4 4
4 0 0 0 0
0 0 0 0 0
0 0 0 0 0
0 0 0 0 4
4 4 4 4 4
4 0 0 0 0
0 0 0 0 0
9 0 0 0 0
0 0 4 4 4
4 4 4 4 4
4 5 5 5 0
0 0 0 0 0
9 9 9 4 4
4 4 4 4 4
4 4 4 4 4
4 5 5 5 0
0 0 0 0 0
9 9 9 4 4
4 4 4 4 4
4 4 4 4 4
5 5 5 5 0
0 0 0 0 0
9 9 0 4 4
4 4 4 4 4
4 4 4 9 9
9 9 5 5 9
9 9 5 0 0
9 9 9 9 9
9 9 9 9 9
9 9 9 9 9
9 9 9 9 9
9 9 9 9 0
9 9 9 9 9
9 9 9 9 9
9 9 9 0 9
9 9 9 9 9
9 9 9 9 9
9 9 9 9 9
9 9 9 9 9
9 9 9 9 9
9 9 9 9 9
9 9 9 9 9
9 9 9 9 9
9 9 9 9 9
9 9 9 9 9
0 9 9 9 9
9 9 9 9 9
9 9 9 9 9
9 9 9 9 0
9 9 9 9 9
0 9 9 9 9
9 9 9 9 9
9 9 9 9 9
9 9 9 0 0
9 9 9 9 9
9 9 9 9 9
9 9 9 9 9
9 9 9 9 9
9 9 9 0 0
1 9 9 9 9
9 9 9 9 9
9 9 9 9 9
5 5 9 9 9
9 9 9 9 9
9 1 9 9 9
9 9 9 9 9
9 9 9 9 9
5 9 9 9 9
9 9 9 9 9
9 9 9 9 9
9 9 5 9 9
9 9 9 9 9
9 9 9 9 9
9 9 9 9 9
9 9 9 9 9
9 9 9 9 9
9 9 9 9 9
9 9 9 9 9
9 9 9 0 9
9 9 9 9 9
9 9 9 9 9
9 9 9 9 9
9 9 9 5 9
9 9 9 9 9
9 9 9 9 9
9 9 9 9 9
9 0 9 9 9
0 0 0 5 5
9 9 9 9 9
9 9 9 9 9
9 9 9 9 9
9 0 0 0 0
0 0 0 5 5
4 9 9 9 9
9 9 9 9 9
9 9 9 9 9
9 0 0 0 0
0 0 0 1 1
0 0 9 9 9
9 9 9 0 0
0 9 9 9 9
9 0 0 0 0
