4 4 4 4 4
4 4 4 4 1
9 9 9 9 9
9 9 4 4 4
4 9 4 4 4
4 4 4 4 4
4 4 4 4 1
9 9 9 9 9
9 9 9 4 4
4 4 8 4 4
4 4 4 4 8
4 4 4 4 4
4 9 9 9 9
9 9 9 4 4
4 4 4 8 1
1 4 4 4 4
4 4 4 4 4
0 9 9 9 9
9 9 9 4 4
4 4 4 1 1
1 0 4 4 4
4 4 4 4 0
0 0 9 9 9
8 8 8 4 4
4 4 4 1 1
8 0 0 4 4
4 4 4 4 0
0 0 0 9 8
8 8 8 1 1
1 1 9 1 1
8 0 0 1 4
4 4 4 4 0
0 0 8 8 9
8 8 8 1 1
1 1 1 1 1
0 0 1 1 1
4 4 4 4 0
0 0 8 9 9
9 8 8 1 1
1 1 1 1 1
0 1 1 1 1
4 4 4 4 0
0 0 9 9 9
0 0 1 1 1
1 1 1 1 1
0 1 1 1 4
4 4 4 4 0
0 9 9 9 0
0 0 1 1 1
1 8 8 8 8
1 1 1 1 4
4 4 4 4 0
9 9 9 9 0
0 0 0 1 1
8 8 8 8 8
1 1 1 4 4
4 4 4 4 9
9 9 9 4 0
0 0 5 1 8
8 8 8 8 8
1 1 1 4 4
4 4 9 9 9
9 9 9 0 0
0 0 0 5 8
8 8 8 8 8
9 1 1 4 4
4 4 9 9 9
9 9 9 0 0
0 0 1 8 8
8 8 8 8 8
9 0 1 4 4
4 9 9 9 9
9 9 9 0 0
0 0 1 1 8
8 8 8 8 8
8 0 0 4 4
4 9 9 9 9
9 9 9 8 8
0 0 8 8 8
8 8 8 8 8
8 0 0 4 4
4 9 9 9 9
9 9 8 8 8
8 8 8 8 8
8 8 8 8 8
8 9 9 4 4
4 9 9 9 9
9 9 0 8 8
8 8 8 8 8
8 8 9 9 9
9 9 9 9 0
8 9 9 9 9
9 9 9 8 8
8 8 8 8 8
8 1 9 9 9
8 9 9 0 0
9 9 9 9 9
9 9 9 8 8
8 8 8 8 8
8 9 9 9 9
8 9 9 0 0
9 9 9 9 9
9 9 1 1 1
8 0 0 0 4
8 8 9 9 5
9 9 9 9 5
9 9 9 9 9
9 9 1 1 1
0 0 0 0 4
8 5 5 5 5
9 9 9 9 9
9 9 9 9 9
9 9 1 1 1
1 0 0 0 4
4 5 5 5 5
9 9 9 9 9
9 9 9 9 9
9 9 1 1 1
1 0 0 0 9
9 9 9 5 5
9 9 9 9 9
9 9 9 9 9
9 9 1 1 1
1 1 0 0 9
9 9 9 9 9
9 9 9 9 9
9 9 9 9 9
9 9 1 1 1
1 1 8 0 9
9 9 9 9 9
9 9 9 9 9
1 1 1 1 1
1 1 1 1 1
1 1 8 0 0
9 9 9 8 8
9 9 9 9 9
1 1 1 1 1
1 1 1 1 1
1 1 8 0 0
0 8 8 8 8
9 9 9 9 9
1 1 1 1 1
1 1 1 1 1
1 1 0 0 0
0 8 8 8 8
8 9 9 4 4
4 1 1 1 1
1 1 1 1 1
1 1 1 0 0
5 5 5 5 5
8 8 8 4 4
4 1 1 1 1
1 1 1 0 1
1 1 1 9 9
5 5 5 5 5
8 8 8 4 4
4 4 1 1 1
1 1 1 1 1
1 1 1 9 9
9 5 5 5 5
8 8 8 8 8
8 8 1 1 1
1 1 1 1 1
1 1 1 9 9
9 5 5 9 9
1 8 8 8 8
8 8 1 1 1
1 1 1 1 1
1 1 1 9 9
9 9 9 9 9
1 8 8 8 8
8 8 8 1 1
5 1 1 1 1
1 1 1 1 9
9 9 9 9 8
8 8 8 8 8
8 0 8 5 5
5 9 9 9 9
1 1 1 8 9
9 9 9 9 8
8 8 8 8 8
0 0 0 5 5
5 9 9 9 9
1 1 1 8 8
8 9 8 8 8
8 8 8 8 8
0 0 0 1 1
1 0 9 9 9
9 4 4 8 8
8 8 8 8 8
8 8 8 8 8
8 1 1 1 1
1 9 0 9 9
4 4 4 4 4
4 0 8 8 8
8 8 8 8 8
8 1 1 1 1
1 9 9 9 4
4 4 4 4 4
4 0 8 8 8
8 8 8 8 8
8 1 1 1 1
9 9 9 8 8
4 4 4 4 4
4 0 8 8 8
8 8 8 8 8
8 4 4 8 8
8 9 8 8 8
4 4 4 4 4
4 4 8 8 8
8 8 8 8 8
8 0 0 8 8
8 8 8 8 8
8 4 4 4 4
4 4 0 0 9
8 8 8 8 8
0 0 0 8 8
0 8 8 8 8
8 8 4 4 4
4 4 4 0 9
1 1 8 8 8
0 0 0 0 0
0 8 0 8 8
8 8 8 4 4
4 4 4 8 8
1 1 9 8 8
0 0 0 0 0
0 0 0 0 8
8 8 8 8 4
4 4 4 8 8
0 0 9 0 0
0 0 0 1 1
1 0 0 0 0
8 8 8 9 4
4 4 9 9 9
8 0 0 0 4
4 4 1 1 1
1 1 0 0 0
0 9 9 9 9
9 9 9 9 9
8 8 8 8 4
4 4 1 1 1
9 9 0 0 0
0 0 9 9 9
9 9 9 9 9
8 8 8 8 4
4 4 1 1 1
9 9 0 0 0
0 0 0 9 9
9 9 9 9 9
