0 0 7 7 9
8 8 8 8 8
8 0 0 0 0
0 0 0 0 9
9 9 7 7 7
0 0 0 7 8
8 8 8 8 8
8 0 0 0 0
0 0 0 0 2
2 2 2 7 7
0 0 0 8 8
8 8 8 8 8
8 0 0 0 0
0 0 0 0 2
2 2 2 8 8
0 0 0 8 8
8 8 8 8 8
1 1 1 8 8
0 0 0 2 2
2 2 2 8 9
0 0 8 8 8
8 9 9 9 9
9 1 8 8 8
7 0 7 7 7
7 2 9 9 9
0 2 8 8 8
8 8 9 9 9
9 9 8 8 8
7 7 7 7 7
7 0 9 9 9
2 8 8 8 8
8 8 9 9 9
9 9 8 8 7
7 7 7 7 7
7 0 9 9 9
8 8 8 8 8
8 7 8 2 9
9 9 8 8 7
7 7 7 7 7
7 0 0 9 9
8 8 8 8 8
7 7 7 2 2
2 8 8 8 8
8 7 7 7 7
7 7 9 9 9
8 8 8 8 1
1 1 0 0 2
9 9 9 8 8
8 7 7 7 7
7 7 9 9 9
8 8 8 8 1
1 1 1 0 9
9 9 9 8 8
9 9 7 7 7
7 7 9 9 9
1 8 8 1 1
1 1 1 1 1
9 9 9 1 1
1 1 1 7 7
7 7 7 9 9
1 1 1 1 1
1 1 1 1 1
1 1 1 1 1
1 1 1 1 7
7 7 7 7 9
1 1 1 1 1
1 1 1 1 1
1 1 1 1 1
1 1 1 1 7
7 7 7 7 7
1 1 1 1 1
1 1 1 1 1
1 1 1 1 1
1 1 1 1 1
7 7 7 7 2
1 1 1 1 1
1 1 1 1 1
1 1 1 1 1
1 1 1 1 1
7 7 7 2 2
1 1 1 1 1
1 1 1 1 1
1 1 1 1 1
1 1 1 1 9
9 9 8 9 9
1 1 1 1 2
2 2 1 1 1
1 1 1 1 1
1 1 1 1 9
9 9 9 9 9
7 1 1 1 2
2 2 1 1 1
1 1 1 1 1
1 1 1 9 9
9 9 9 9 9
1 1 1 2 2
2 2 1 1 0
1 1 1 1 1
1 1 1 9 7
7 9 9 9 9
0 1 1 2 2
2 2 2 7 7
1 1 1 1 1
1 1 1 1 1
9 9 9 9 9
0 0 0 2 2
2 8 8 8 8
1 1 1 1 1
1 1 1 1 1
9 9 9 9 9
0 0 0 0 8
8 8 8 8 8
1 1 1 1 1
1 1 1 1 0
9 9 9 9 9
0 0 0 0 8
8 8 8 8 8
8 1 1 1 1
1 1 1 0 0
9 9 9 9 8
0 0 0 0 1
1 1 1 8 8
8 1 1 1 1
1 1 1 0 0
9 9 9 9 8
0 0 0 0 7
1 1 1 1 1
8 1 1 1 1
1 1 8 8 9
9 9 9 9 9
0 0 0 7 7
7 1 1 1 9
9 9 9 1 1
1 1 1 1 9
9 9 9 9 9
0 0 7 7 7
7 7 1 9 9
9 9 9 9 1
1 1 1 1 1
0 0 9 9 9
8 8 7 7 7
7 7 7 9 9
9 9 9 9 1
1 1 1 1 1
0 0 9 9 9
8 8 7 7 7
7 7 7 9 9
9 9 9 0 0
0 1 1 1 1
0 0 8 9 9
8 8 8 7 7
7 7 7 9 9
9 9 9 0 0
0 1 1 1 1
9 8 8 9 9
8 8 8 7 7
7 7 7 8 9
9 9 9 0 0
0 0 1 1 1
9 7 7 7 7
9 9 7 7 7
7 7 7 9 9
9 9 9 0 0
0 1 1 2 2
7 7 7 7 7
7 7 7 7 7
7 7 7 9 9
9 9 9 9 9
1 1 1 2 2
7 7 7 7 7
7 7 7 7 7
7 7 7 9 9
9 9 9 9 9
9 2 2 2 2
2 1 1 1 1
7 7 7 7 7
7 7 7 7 9
9 9 9 9 9
9 2 2 2 2
2 1 1 1 1
7 7 7 7 8
7 7 7 7 7
9 9 9 9 9
2 2 2 2 2
2 1 1 1 1
9 9 9 9 9
2 7 7 7 7
7 0 0 7 7
7 7 7 7 7
7 1 1 1 1
9 9 9 9 7
7 7 7 7 7
7 7 7 7 7
7 7 7 7 7
7 9 1 1 1
9 9 9 7 7
7 7 7 7 7
7 7 7 7 7
7 7 7 7 7
8 8 8 1 1
9 9 9 7 7
7 7 7 7 7
7 7 7 7 7
7 7 7 7 8
8 8 8 7 7
9 9 9 9 7
7 7 7 7 7
7 7 7 7 7
7 7 7 8 8
8 8 8 7 7
8 9 9 9 9
9 7 7 7 7
7 7 7 7 7
7 7 9 9 8
8 8 7 7 7
9 9 9 9 9
9 9 9 7 7
7 9 9 9 7
7 7 9 9 9
8 8 7 7 7
9 9 9 9 9
9 9 9 9 9
9 9 9 9 7
7 7 9 9 9
9 8 8 7 7
9 9 0 0 9
9 9 9 9 9
9 9 9 9 9
7 7 9 9 9
8 8 8 7 7
0 0 0 0 9
9 9 9 9 9
9 9 9 9 9
9 7 9 7 9
8 8 8 7 7
8 0 0 0 9
9 9 9 0 9
9 9 9 9 9
9 9 8 7 7
7 7 7 7 7
8 0 0 9 9
9 9 9 9 9
9 9 9 9 9
9 9 7 7 7
7 7 7 7 7
8 8 8 9 9
9 9 9 9 9
9 9 9 8 8
8 9 7 7 7
7 7 7 7 7
