2 0 5 2 2
2 2 2 2 2
2 3 3 3 3
3 0 0 0 0
0 0 0 0 9
8 8 2 2 2
2 2 2 2 2
2 3 3 3 3
3 0 0 0 0
0 0 0 0 9
8 8 2 2 2
2 2 2 2 2
2 5 5 2 2
0 0 0 0 0
0 0 0 0 9
8 8 2 2 2
2 2 2 2 2
2 2 2 2 2
2 0 0 0 0
0 0 9 9 9
8 8 2 2 2
3 3 3 2 2
2 2 2 2 2
2 0 0 0 0
0 9 9 9 9
9 9 2 2 2
3 3 3 3 2
2 2 2 2 2
2 2 0 0 0
0 9 9 9 9
9 9 9 2 3
3 3 3 2 2
2 2 2 2 2
2 2 0 0 0
8 9 8 8 8
9 9 9 9 9
9 3 3 3 2
2 2 3 3 4
2 2 2 8 8
8 8 8 8 8
9 9 9 9 9
9 3 3 9 2
2 2 2 2 4
2 2 2 8 8
8 8 8 8 8
9 9 9 9 9
9 0 0 9 9
9 2 2 2 2
2 2 2 8 8
8 8 8 8 8
5 9 9 9 9
0 0 0 9 9
9 2 2 2 2
2 2 2 8 8
8 8 8 8 0
5 5 5 5 5
0 0 0 0 9
9 9 9 9 9
2 2 8 8 8
8 8 8 0 0
5 5 5 5 5
5 0 0 0 0
9 9 9 9 9
8 8 8 8 8
8 8 8 8 0
5 5 5 5 5
5 5 0 0 0
9 9 9 9 9
8 8 8 8 8
8 8 8 8 8
5 5 5 0 5
5 5 5 0 0
9 9 9 9 9
8 8 8 8 8
8 8 8 8 8
5 5 5 0 0
5 5 5 9 9
9 9 5 2 2
8 8 8 8 8
8 8 8 8 8
5 5 8 8 8
5 5 5 5 9
9 9 9 2 2
2 8 8 8 8
8 8 8 8 8
9 9 8 8 8
8 5 5 5 9
9 9 9 2 2
2 8 8 8 8
8 8 8 8 8
9 9 9 8 8
8 8 8 8 3
3 3 3 2 2
2 8 8 8 8
8 8 8 8 8
9 9 9 8 8
8 8 8 8 8
8 0 2 2 2
2 2 2 8 8
8 3 8 8 8
9 9 8 8 8
8 8 8 8 8
8 0 2 2 2
2 2 2 2 2
2 2 8 4 4
0 0 8 8 8
8 8 8 8 8
8 8 2 2 2
2 2 2 2 2
2 2 8 4 4
0 0 0 8 8
8 8 8 8 8
8 0 0 0 2
2 2 2 2 2
2 8 8 8 8
0 0 0 0 0
8 8 8 8 8
8 0 0 2 2
2 2 2 8 8
8 8 8 8 8
0 0 0 0 0
0 8 8 8 5
9 9 0 9 2
2 2 2 8 8
8 8 8 8 8
0 0 0 0 0
0 9 9 9 9
9 9 9 9 2
2 2 2 8 8
8 9 8 8 8
0 0 0 0 0
9 9 9 9 9
9 9 9 9 0
2 2 2 8 8
8 8 8 8 5
0 0 0 0 0
9 9 9 9 9
9 9 9 9 9
0 0 0 8 8
8 8 8 0 8
0 0 0 0 0
9 9 9 9 9
9 9 9 9 9
0 0 0 3 0
8 8 9 0 8
0 0 0 9 9
9 9 9 9 9
9 9 9 0 0
0 0 3 3 3
9 9 9 9 8
0 0 9 9 9
9 9 9 9 9
0 0 0 0 0
0 0 3 3 3
4 9 9 9 2
9 9 9 9 9
9 9 9 9 0
0 0 0 0 0
0 0 0 0 4
4 9 9 9 9
9 9 9 9 9
9 9 9 0 0
0 0 0 0 0
0 0 0 0 4
4 4 9 9 9
9 9 9 9 9
9 9 9 0 0
0 0 0 0 0
0 0 0 3 3
3 3 9 9 9
9 9 9 9 9
9 9 9 0 0
0 0 0 9 9
9 9 4 3 3
3 3 0 0 0
9 9 9 9 9
9 9 9 9 9
9 9 9 9 9
9 9 4 3 3
3 0 0 0 0
9 9 9 9 9
9 9 9 9 9
9 9 9 9 9
9 9 9 4 4
3 0 0 0 0
8 9 9 9 9
9 9 9 9 9
9 9 9 9 9
9 9 4 4 4
4 4 0 0 0
8 0 9 9 9
4 9 9 9 9
9 9 9 9 9
9 9 4 4 4
4 4 4 4 0
0 0 0 0 4
4 4 9 9 9
9 9 9 9 9
8 8 4 4 4
4 4 4 4 4
0 0 0 0 4
4 4 9 9 9
9 9 9 9 3
9 9 9 4 4
4 4 4 4 9
0 0 0 4 4
4 9 9 9 9
9 9 9 9 9
9 9 9 9 4
4 4 4 4 9
0 0 0 4 4
4 4 9 9 9
9 9 9 9 9
9 9 9 9 9
4 4 0 0 0
0 0 0 4 4
4 4 9 9 9
9 9 9 9 9
9 9 9 9 9
9 9 0 0 0
0 0 0 5 5
3 3 3 9 9
9 9 9 9 9
9 9 9 9 9
9 9 0 0 0
5 5 0 0 3
0 3 3 3 9
9 9 0 9 9
9 9 9 9 9
9 9 0 0 4
5 5 0 0 0
0 0 4 4 4
3 8 8 8 8
4 9 0 0 0
0 0 0 0 0
5 9 0 0 0
0 0 4 4 4
4 4 8 8 8
9 4 0 0 0
0 0 0 0 9
2 0 0 0 0
0 4 4 4 4
4 2 2 8 9
9 9 0 0 0
0 0 0 0 9
2 0 0 0 0
0 4 0 4 4
4 2 2 9 9
9 9 0 0 0
0 0 0 0 9
