0 5 5 5 9
0 0 0 0 9
9 9 6 6 6
6 6 6 6 6
9 9 6 6 6
0 5 5 5 0
0 0 0 0 9
9 9 6 6 6
6 6 6 6 6
9 9 0 0 0
9 9 9 5 0
0 0 0 0 0
9 9 6 6 6
6 6 6 6 6
0 2 0 0 0
9 9 9 0 0
0 0 0 0 0
0 6 6 6 6
6 0 0 0 0
0 0 0 0 0
9 9 9 9 9
0 0 0 0 0
0 5 5 5 9
0 0 0 0 0
0 0 0 0 9
9 9 9 9 9
9 0 0 0 0
0 5 5 5 5
0 0 0 0 2
0 0 0 0 0
9 9 9 9 9
9 0 0 0 0
0 0 5 5 0
0 0 0 9 9
2 0 0 0 0
9 9 9 9 9
9 0 0 0 0
0 0 0 5 0
0 0 0 9 9
2 2 2 0 0
9 9 9 9 0
0 0 0 0 0
0 0 0 9 0
0 0 0 9 9
9 2 2 0 9
9 9 9 0 0
0 0 0 0 0
0 0 0 0 0
0 0 0 9 9
9 2 2 9 9
9 9 9 0 0
0 5 9 0 0
0 0 0 0 0
0 0 0 9 9
9 5 5 5 9
9 9 9 0 5
5 5 0 0 0
0 0 0 0 0
9 9 9 9 9
5 5 5 5 9
9 9 0 9 9
5 5 0 0 0
0 0 0 0 9
9 9 9 9 9
9 5 5 5 9
2 2 6 0 0
0 0 0 0 0
0 0 0 9 9
9 9 9 9 9
9 9 9 9 9
2 2 5 5 0
0 0 0 0 0
0 0 9 9 9
9 9 9 9 9
9 9 9 9 9
2 2 5 5 0
0 0 0 0 0
0 0 9 9 9
9 9 9 9 9
9 9 9 0 0
0 0 5 5 5
0 0 0 0 0
0 0 2 9 9
9 9 9 9 9
9 9 9 0 0
0 0 0 5 0
0 0 0 0 0
0 2 2 2 9
9 9 9 9 9
9 9 9 0 0
0 0 9 9 0
0 0 0 0 9
9 9 9 2 9
9 9 9 9 9
9 9 9 0 0
9 9 9 9 9
9 0 0 0 9
9 9 9 9 9
9 9 9 9 9
9 9 9 9 0
9 9 9 9 9
9 6 6 9 9
9 9 0 9 9
9 9 9 9 9
9 9 9 9 9
9 9 9 9 9
9 6 6 5 5
0 0 0 0 9
9 9 9 9 9
9 9 9 9 9
9 9 9 9 9
6 6 6 5 5
0 0 0 0 0
9 9 9 9 9
9 9 9 9 9
9 9 9 9 6
6 6 6 5 0
0 0 0 0 9
9 9 9 9 9
9 9 9 9 9
9 9 9 9 6
6 6 6 0 0
0 0 0 9 9
9 9 9 9 9
9 9 9 9 9
9 9 9 9 6
6 6 6 0 0
0 0 5 9 9
9 9 9 9 2
2 9 9 9 9
9 9 9 9 6
6 6 2 2 2
0 0 5 5 5
5 9 9 9 2
2 2 9 9 9
9 9 9 9 9
9 2 2 2 2
2 2 5 5 5
5 5 2 2 2
2 2 2 9 9
9 9 9 9 9
9 9 2 2 2
5 5 5 5 5
5 2 2 2 2
2 2 2 2 2
9 9 9 9 9
9 9 0 0 0
5 5 5 5 5
5 2 2 2 2
2 2 2 2 2
9 9 9 9 9
9 0 0 0 0
5 5 5 5 5
5 2 2 2 2
2 9 2 2 2
9 9 9 9 9
9 0 0 0 0
0 5 5 5 5
5 5 2 2 2
9 9 9 9 2
9 9 9 9 9
9 0 0 0 0
0 9 9 9 5
5 5 0 0 0
5 9 9 9 9
9 9 9 9 9
9 0 0 0 0
9 9 9 9 5
5 5 5 5 5
5 5 9 9 9
9 9 9 9 9
9 0 0 0 0
9 9 9 9 9
5 5 5 5 5
5 5 5 9 9
9 9 9 9 9
2 0 0 0 0
5 5 9 9 5
5 5 5 5 5
5 9 9 9 9
9 9 9 9 2
2 2 2 0 9
5 5 5 9 5
5 5 5 5 5
9 9 9 9 9
9 9 9 9 2
2 2 2 9 9
9 9 9 5 5
5 5 5 5 5
9 9 9 9 9
9 9 9 9 2
2 2 2 2 9
9 9 5 5 5
5 5 5 5 9
9 9 9 9 9
9 9 9 9 9
2 2 2 2 2
2 5 5 5 5
5 5 5 9 9
9 9 9 9 9
9 9 9 9 9
2 2 2 2 2
2 5 5 5 5
5 5 5 9 9
9 9 9 9 9
9 9 9 0 0
2 2 2 2 2
9 5 5 5 5
5 5 5 9 9
9 5 9 9 9
0 0 0 0 2
2 2 2 2 2
5 5 5 5 5
5 5 5 5 5
5 5 5 9 9
0 0 0 2 2
2 2 2 2 2
9 5 5 5 9
5 5 5 5 5
5 5 5 5 0
2 2 2 2 2
2 2 2 9 9
9 5 5 9 9
6 6 5 5 5
5 5 5 5 0
2 2 2 2 2
2 2 9 9 9
9 9 9 9 9
6 6 5 6 5
5 5 5 5 5
2 2 2 2 2
2 2 9 9 9
9 9 9 9 6
0 6 6 6 6
5 5 5 5 5
2 2 2 2 2
9 9 9 9 9
9 9 9 9 0
0 0 6 6 6
5 5 5 5 5
2 2 2 2 9
9 9 9 9 9
9 9 9 0 0
0 0 6 6 2
2 5 5 6 9
2 2 2 9 9
9 9 9 9 9
9 9 9 0 0
0 0 6 2 2
2 2 9 6 9
