0 0 9 9 4
4 4 4 4 9
9 9 9 9 9
6 9 9 9 9
9 1 1 1 1
0 0 0 0 4
4 4 4 4 9
9 9 9 9 9
9 9 9 9 9
9 1 1 1 1
0 0 0 1 4
4 4 9 9 9
9 9 9 9 2
9 9 9 9 9
9 1 1 1 1
1 1 1 1 1
4 4 9 9 9
9 9 9 2 9
9 9 9 9 1
1 1 1 1 1
1 1 1 1 1
4 4 4 9 9
9 9 9 9 9
9 9 9 9 1
1 1 1 1 1
1 1 1 1 1
4 4 4 4 9
9 9 9 9 9
9 9 9 6 1
1 1 1 1 1
9 9 1 1 4
4 4 4 0 9
9 9 9 9 9
9 9 9 9 9
1 1 1 0 0
9 9 9 1 4
4 4 0 9 9
9 9 9 9 0
0 9 9 9 9
1 1 1 0 0
9 9 0 0 4
4 4 1 2 9
9 9 9 9 0
0 0 9 9 9
1 1 1 1 1
1 0 0 0 0
4 1 1 2 2
9 9 9 2 2
0 0 9 9 9
9 1 1 1 1
1 0 0 0 0
4 4 4 1 1
1 1 2 2 2
2 9 9 9 9
9 9 1 1 1
9 9 0 0 4
4 4 4 4 1
1 1 2 2 2
2 2 9 9 9
9 9 9 9 1
9 9 1 1 1
4 4 4 4 4
1 1 1 2 2
2 2 9 9 9
9 9 9 9 9
9 9 9 1 1
1 4 4 4 4
0 9 9 2 2
1 1 1 1 0
9 9 9 9 9
9 9 9 1 1
1 1 4 9 9
9 9 9 9 1
1 1 1 1 0
0 0 9 9 9
9 9 9 9 9
1 9 9 9 9
9 9 9 9 9
1 1 1 0 0
0 0 6 6 6
9 0 9 9 9
9 9 9 9 9
9 9 9 9 1
1 1 0 0 0
0 0 0 0 0
0 0 9 9 9
9 9 9 9 9
9 9 9 9 1
1 1 0 0 0
0 0 0 0 0
6 6 6 9 9
9 9 9 9 9
9 9 9 9 1
1 1 0 0 0
0 0 0 0 0
6 6 6 4 9
9 9 9 9 9
9 9 9 9 1
1 1 6 6 6
0 0 0 0 0
6 6 9 9 9
9 9 9 9 9
9 9 6 6 6
1 1 6 6 6
6 6 9 9 9
9 9 9 9 9
9 9 9 9 6
6 6 6 6 6
1 1 6 6 6
6 6 9 9 9
9 9 9 9 9
9 9 9 9 6
6 6 6 6 6
6 9 6 6 6
6 6 9 9 9
9 9 9 9 9
9 9 9 6 6
6 6 6 6 6
6 6 6 6 6
6 6 6 9 9
9 9 9 9 9
9 9 9 6 6
6 6 9 6 6
6 6 6 6 6
6 6 6 0 9
9 0 0 0 9
9 9 9 6 6
6 9 9 6 6
6 6 6 6 6
6 6 6 6 0
9 0 0 0 0
9 9 9 9 9
9 9 9 9 6
6 6 6 6 6
6 6 6 6 6
9 9 0 0 0
9 9 9 9 4
9 9 9 9 2
1 1 1 9 9
9 6 6 6 6
9 9 9 0 9
9 9 9 9 4
4 6 9 9 9
9 9 9 9 9
9 9 9 6 6
9 9 9 9 9
9 9 9 0 0
4 6 9 9 9
9 9 9 9 9
9 9 9 6 6
9 9 9 9 9
9 0 0 0 0
4 4 9 9 9
9 9 9 9 9
9 9 9 6 6
1 0 0 0 0
0 0 0 0 0
4 4 4 4 9
9 9 9 9 9
9 1 9 6 6
1 0 0 0 0
0 0 0 0 0
0 4 4 4 4
9 9 9 9 9
9 9 1 6 4
0 0 0 0 0
0 0 0 0 0
1 1 4 4 4
9 9 9 6 6
9 9 9 4 9
0 0 0 0 0
0 0 0 0 1
1 1 1 4 4
9 9 9 9 9
9 0 0 9 9
0 0 0 0 0
0 0 0 0 1
1 1 1 9 9
9 9 9 9 9
9 0 9 9 9
0 0 0 0 0
0 0 9 1 1
1 1 9 9 9
9 9 9 9 9
6 9 9 9 9
0 0 0 0 0
0 9 9 9 1
1 1 9 9 9
0 0 0 6 6
6 9 9 9 9
0 0 0 0 0
0 9 9 9 1
1 9 9 9 9
0 0 0 6 6
6 6 9 9 9
0 0 0 0 0
0 9 9 9 9
1 9 9 9 4
4 4 6 6 6
6 6 6 9 9
0 0 0 0 0
0 9 9 9 9
9 4 4 6 4
4 4 9 6 6
6 6 6 9 9
0 0 0 0 0
0 0 9 9 9
4 4 4 4 4
4 4 9 9 9
6 6 6 6 9
0 0 0 0 0
0 0 0 2 1
1 4 4 4 4
4 9 9 9 9
6 6 6 1 1
0 0 0 0 0
0 0 0 0 1
1 4 4 4 4
9 9 9 9 9
9 9 9 1 1
0 0 9 9 9
0 0 0 0 2
4 4 4 4 4
4 9 9 9 9
9 9 1 1 1
0 4 9 9 9
0 0 0 2 2
4 4 4 4 4
9 9 9 9 9
9 9 1 1 1
9 9 4 9 0
0 0 0 2 2
2 4 4 4 4
9 9 9 9 9
9 9 1 1 1
9 9 9 4 0
0 0 0 2 2
4 0 0 0 9
9 9 9 9 9
9 1 1 1 1
9 9 9 9 1
0 0 0 9 9
1 1 1 0 9
9 9 9 2 2
2 1 1 1 1
6 6 9 9 1
1 0 0 0 9
1 1 1 1 1
1 9 9 2 2
2 1 1 1 1
