1 1 6 6 6
6 6 0 0 0
0 0 0 0 0
0 0 0 0 0
0 0 0 0 0
1 6 6 6 6
6 0 0 0 0
0 0 0 0 0
0 0 0 0 0
0 0 0 0 0
1 6 6 6 6
0 0 0 0 0
0 0 2 0 0
0 0 0 0 0
0 0 0 0 0
1 6 6 6 6
0 0 1 0 0
0 0 0 0 0
0 0 0 0 0
0 0 0 0 0
9 9 6 6 6
0 0 9 9 0
0 0 0 0 0
0 0 0 0 0
0 0 0 0 9
9 8 8 8 9
9 9 9 9 0
0 0 0 0 0
0 0 0 0 0
0 0 0 6 6
9 9 9 9 9
9 9 9 9 9
0 0 0 0 0
0 0 0 0 0
0 0 0 6 6
9 9 9 9 9
9 9 9 9 9
0 1 0 0 0
0 0 0 0 0
9 9 4 6 0
9 9 9 9 9
9 9 9 9 9
9 0 0 0 0
0 0 9 9 0
9 4 4 0 0
9 9 9 9 9
9 9 9 9 9
0 0 0 0 0
0 0 0 0 4
4 9 9 0 0
0 9 9 9 9
9 9 9 9 9
0 0 0 0 0
0 0 0 0 0
9 9 9 0 0
9 9 9 9 9
9 9 9 9 9
9 9 0 0 0
0 0 0 0 0
9 9 9 9 9
9 9 9 9 9
9 9 9 9 9
9 9 0 0 0
0 0 0 0 9
9 9 9 9 9
9 9 9 9 9
9 9 9 9 9
9 9 0 0 0
9 0 0 0 9
9 9 9 9 9
9 9 9 9 1
1 9 9 9 9
9 9 0 6 6
9 0 9 9 9
9 9 9 9 9
9 9 9 1 1
1 9 9 9 9
9 9 6 6 6
0 9 9 9 9
9 9 9 9 9
9 9 1 1 1
8 8 9 9 9
9 9 6 6 6
9 9 9 9 9
9 9 9 9 9
9 9 9 1 8
8 8 8 9 9
9 9 0 0 9
9 9 9 9 9
9 9 9 9 9
9 9 9 8 8
8 8 8 8 8
9 9 0 0 0
9 9 9 9 9
9 9 9 9 9
9 9 8 8 8
8 8 8 1 4
4 4 0 0 0
6 1 9 9 9
9 9 9 9 9
9 8 8 8 8
8 8 4 4 4
4 4 4 2 6
6 9 9 9 9
1 1 9 9 9
1 1 8 8 8
8 4 4 4 4
4 4 4 4 6
6 9 9 9 9
9 1 1 1 1
1 1 1 8 8
0 8 8 4 4
4 4 4 4 4
9 9 9 9 9
9 1 1 1 1
1 1 1 1 0
0 0 8 8 4
4 4 4 4 4
9 9 9 9 9
9 4 1 1 1
1 1 1 1 4
4 9 8 8 4
4 4 4 4 4
9 9 9 9 9
4 4 0 0 0
2 1 1 1 4
4 4 4 4 4
4 4 4 0 0
9 9 9 9 9
9 4 0 0 0
2 2 1 1 4
4 4 4 4 4
4 4 4 4 9
9 9 9 9 9
9 9 0 0 0
2 2 1 4 4
4 4 4 4 4
4 4 9 9 9
9 9 9 9 9
9 9 0 0 0
2 2 2 4 4
4 4 4 4 4
4 9 9 9 9
9 9 9 9 9
9 9 0 0 0
2 2 2 4 4
4 4 4 4 6
6 6 9 9 9
9 9 9 9 9
9 9 0 0 0
2 2 2 2 1
9 9 6 6 6
6 6 8 8 9
9 9 9 9 9
9 9 9 0 0
9 2 2 2 2
9 4 1 6 6
6 6 8 9 9
9 9 9 9 9
9 9 9 9 9
8 9 2 2 2
4 9 9 9 9
9 9 9 9 9
9 9 9 9 9
9 9 9 9 9
8 8 9 6 6
6 9 9 9 9
1 1 1 9 9
2 9 9 9 9
9 9 9 9 9
8 8 8 6 6
6 9 9 9 9
1 1 1 1 6
2 9 9 9 9
9 8 9 9 9
8 8 8 8 6
6 6 6 6 9
1 1 8 6 6
9 9 9 9 1
1 8 8 4 4
8 8 8 8 6
6 6 6 6 6
8 8 8 6 6
9 9 9 9 1
1 8 8 4 4
8 8 8 6 6
6 6 6 6 6
8 8 8 9 9
9 9 9 9 1
1 1 4 4 4
8 8 6 6 6
6 6 6 6 6
8 8 9 9 9
9 9 9 9 9
1 0 4 4 4
8 6 6 6 6
6 6 6 6 6
6 8 9 1 1
0 0 9 9 9
0 4 2 4 4
4 4 6 6 6
6 6 6 6 6
6 0 1 1 1
1 1 9 9 9
2 2 2 2 4
4 4 4 6 6
6 6 6 6 6
6 1 1 1 1
1 1 1 1 1
1 2 2 2 1
4 4 4 6 6
6 2 2 2 1
4 0 1 1 1
1 1 1 1 1
1 2 2 9 9
4 4 2 2 6
6 2 2 6 6
6 0 0 1 1
1 1 1 1 1
1 9 9 9 9
8 2 2 2 2
2 2 2 6 6
0 0 0 0 1
1 1 1 1 1
1 9 9 9 9
8 8 8 2 2
1 1 2 6 0
0 0 0 0 1
1 1 1 1 1
1 1 1 1 1
8 8 8 9 2
1 2 2 8 0
0 0 0 0 0
1 1 1 1 1
1 1 1 1 1
1 1 6 9 9
1 9 1 8 8
0 0 0 0 0
0 1 1 1 1
1 1 1 1 9
1 1 0 9 9
9 9 1 8 8
0 0 0 0 0
0 0 0 1 1
0 0 0 9 9
1 1 0 0 9
9 9 9 1 1
0 0 0 0 0
0 0 0 0 1
0 0 0 9 9
