0 0 0 0 0
0 3 3 9 9
7 7 7 0 0
0 0 0 0 9
9 9 9 9 9
0 0 0 0 0
0 3 9 9 9
9 7 9 9 0
0 0 0 0 0
9 9 9 9 9
0 0 0 0 0
9 9 9 9 9
9 9 9 9 9
0 0 0 0 0
9 9 9 9 7
0 0 0 0 9
9 9 9 9 9
9 9 9 9 9
1 9 9 0 0
9 9 7 7 7
0 0 0 0 0
0 9 0 0 0
9 9 9 1 1
1 1 1 9 9
7 7 7 7 7
0 0 0 0 0
0 0 0 0 0
9 9 9 1 1
1 1 1 1 7
7 7 7 7 7
0 0 0 0 0
0 0 0 0 0
9 9 1 1 1
1 1 1 1 7
7 7 7 7 7
0 0 0 0 0
0 0 0 0 0
9 9 1 1 1
1 1 5 7 7
7 7 7 7 7
0 0 0 0 0
0 0 0 0 0
0 3 3 1 1
1 5 3 3 3
7 7 7 7 7
0 0 0 0 0
0 0 0 0 0
3 3 3 3 3
3 3 3 3 3
9 7 7 7 9
1 0 0 0 0
0 0 0 0 0
0 3 3 3 3
3 3 3 3 3
3 3 3 9 9
1 0 0 9 9
9 0 0 0 0
0 3 3 3 3
3 3 3 3 3
3 3 3 9 9
0 0 9 9 9
0 0 0 0 0
0 0 0 7 7
3 3 3 3 3
3 3 3 9 9
0 0 0 9 9
0 0 0 0 0
0 0 0 5 5
1 3 3 3 3
3 3 9 9 0
0 0 0 0 0
0 0 0 0 0
0 0 0 5 5
3 3 3 3 3
3 3 9 0 0
9 0 0 0 0
0 0 0 0 0
0 0 0 0 5
3 3 3 3 3
3 3 3 3 1
9 9 0 0 0
0 0 9 9 0
0 0 0 0 9
3 3 3 3 3
0 3 3 3 1
9 9 0 0 0
0 9 9 9 9
9 9 9 0 9
9 9 3 3 0
0 3 3 3 7
9 9 0 0 0
0 9 9 9 9
9 9 9 9 9
9 9 9 9 0
0 0 0 7 7
9 9 0 0 0
9 9 9 9 9
9 9 9 9 9
9 9 9 9 9
9 0 0 0 7
9 9 9 0 0
9 9 9 9 9
9 9 9 9 9
9 9 9 9 9
9 0 0 0 5
9 9 9 0 9
9 9 9 5 5
9 9 9 9 9
9 9 9 9 9
9 0 0 5 5
9 9 9 9 9
9 9 9 5 5
5 9 9 3 9
9 9 9 9 9
9 9 9 5 5
9 9 9 9 9
9 9 5 5 5
5 5 9 9 9
9 9 9 9 9
9 9 9 5 5
9 9 9 9 9
9 9 5 5 5
5 9 0 9 9
9 9 9 9 9
9 9 9 0 0
9 9 9 9 9
9 5 5 5 5
9 9 9 9 9
9 9 9 9 9
9 9 9 0 0
9 9 9 9 9
9 9 5 5 5
9 9 9 9 9
9 9 9 9 9
9 9 9 9 9
9 9 9 9 9
7 7 5 5 5
5 9 9 9 9
9 9 9 9 9
9 9 9 9 9
9 9 9 9 7
7 7 5 5 5
5 5 9 9 9
9 9 9 9 9
9 9 9 9 9
9 9 9 9 7
7 7 5 5 5
5 5 9 9 9
9 9 5 5 7
9 9 9 9 9
9 9 9 9 7
7 7 5 5 5
5 5 5 5 9
9 5 5 5 7
9 9 9 9 9
9 9 9 9 7
7 5 5 5 5
5 5 5 5 5
5 5 5 5 7
9 9 9 9 9
9 9 5 5 9
5 5 5 5 5
5 5 5 5 5
5 5 5 9 9
9 9 9 9 9
5 5 5 9 9
9 5 5 5 5
5 5 5 5 5
5 9 9 9 9
9 9 9 9 9
5 5 9 9 9
9 5 5 5 5
5 5 5 5 5
3 9 9 9 9
9 9 9 9 9
9 9 9 9 9
9 9 5 5 5
5 5 5 5 3
3 9 9 9 9
9 7 9 9 9
9 9 9 9 9
9 9 9 5 5
5 5 5 5 3
3 9 9 9 9
9 7 7 9 9
9 9 9 9 9
9 9 9 9 5
5 5 5 5 9
9 9 9 9 9
7 7 7 9 9
9 9 9 9 9
9 9 9 9 5
5 5 5 5 9
9 9 9 7 7
7 7 7 7 7
9 9 9 9 9
9 9 9 5 5
5 5 5 1 1
9 9 9 7 7
7 7 7 7 7
9 9 9 1 9
9 9 5 5 5
5 5 1 1 1
5 9 9 7 7
7 7 7 7 7
0 0 0 1 1
1 1 5 5 5
1 1 1 1 1
9 0 0 7 7
7 7 7 7 7
0 0 0 1 1
1 1 1 1 1
1 1 1 1 9
9 0 0 7 7
7 7 7 7 7
0 0 0 1 1
1 1 1 1 1
1 1 1 1 1
1 0 0 7 7
5 5 5 7 7
0 0 0 1 1
1 1 1 1 1
1 1 1 1 1
1 1 7 7 5
5 5 5 5 9
0 0 1 1 1
1 1 1 1 1
1 1 1 1 1
1 7 7 5 5
5 5 5 5 0
0 0 1 1 1
1 1 1 1 1
1 1 1 1 1
0 5 5 1 1
1 5 5 0 0
0 0 0 1 1
1 1 1 1 1
1 1 1 1 9
0 5 5 1 1
1 5 0 0 0
0 0 0 0 1
1 1 1 1 1
1 1 9 9 9
0 0 0 0 1
1 0 0 0 0
0 0 0 0 1
1 1 1 1 1
1 9 9 9 9
9 0 0 0 0
0 0 0 0 0
