0 0 0 0 0
7 7 7 7 0
9 9 6 6 6
6 1 1 1 0
9 0 0 0 1
0 0 0 0 7
7 7 7 0 9
9 9 0 6 6
6 1 1 1 0
0 9 9 9 9
0 0 9 9 9
7 9 9 9 9
9 6 6 6 6
6 6 6 9 9
9 9 9 9 9
9 9 9 9 9
9 9 9 9 9
9 6 6 6 6
6 6 9 9 9
9 9 9 9 9
1 9 9 9 9
9 9 9 9 9
9 6 6 6 6
6 9 9 9 9
9 9 9 9 9
1 9 9 9 9
9 9 9 9 9
6 6 6 6 6
6 9 9 9 9
9 9 9 9 9
1 9 9 9 9
9 9 9 0 0
0 0 6 6 6
6 9 9 6 6
9 9 9 9 9
0 9 9 9 9
9 9 0 0 0
0 0 6 6 6
6 6 6 6 6
9 9 9 9 9
0 0 9 9 9
9 9 0 0 0
0 0 0 6 6
6 6 6 6 6
9 9 9 9 9
0 0 9 9 9
9 9 9 0 0
0 0 0 0 6
6 6 6 6 9
9 9 9 9 9
0 0 0 0 9
9 1 1 1 0
0 0 0 1 1
1 9 1 6 9
9 9 9 9 9
0 0 0 0 1
1 1 1 1 1
0 0 0 1 1
1 9 9 1 9
9 9 9 9 9
0 0 0 0 1
1 1 1 1 1
1 1 0 1 1
9 9 9 9 9
9 9 9 9 9
0 0 0 0 1
1 1 1 1 1
1 0 0 9 9
9 9 9 9 9
9 9 9 9 9
0 0 0 0 0
1 1 1 1 1
1 0 6 7 9
9 9 9 9 9
9 9 9 9 9
0 0 0 0 1
1 1 1 1 0
0 6 6 6 7
7 7 9 9 9
9 9 9 9 9
0 0 0 1 1
1 1 1 0 0
0 6 6 6 7
7 7 9 9 9
9 9 9 9 0
0 0 0 1 1
1 1 1 0 0
0 6 6 6 7
7 9 9 9 9
9 9 9 0 0
6 0 0 1 1
1 1 0 0 0
6 6 6 6 7
9 9 9 9 9
9 9 9 9 0
6 6 6 1 1
1 1 0 0 0
6 6 6 6 9
9 9 9 9 9
9 9 9 9 7
6 6 6 1 1
1 0 0 0 6
6 6 6 6 0
0 0 9 9 9
6 9 9 7 7
6 6 7 1 1
0 0 0 0 6
6 6 6 6 6
0 0 0 9 9
6 6 9 7 7
7 7 7 6 6
0 0 0 0 6
6 6 6 7 6
0 0 0 6 6
1 1 1 1 7
7 7 7 6 6
6 6 6 6 6
6 6 6 6 6
6 6 6 6 6
1 1 1 1 1
7 7 9 6 6
6 6 6 6 6
6 6 6 6 6
6 6 6 6 6
1 1 1 1 1
9 9 9 9 6
6 6 6 6 6
6 6 6 6 6
6 6 6 6 6
6 6 1 1 1
9 9 9 9 9
9 6 6 6 6
6 6 6 6 6
6 6 6 6 6
6 6 1 1 1
9 9 9 9 9
9 6 6 6 6
6 6 6 6 6
6 6 6 6 6
6 6 1 1 1
1 9 9 9 9
9 9 6 6 6
6 6 6 6 6
6 6 6 6 9
0 0 0 0 0
1 9 9 9 9
9 9 6 6 0
6 6 6 6 6
6 6 6 9 9
0 0 0 0 9
6 9 9 9 9
9 9 0 0 9
9 9 6 6 6
9 9 9 9 0
9 0 0 9 9
6 6 9 9 9
9 0 0 0 0
9 9 9 9 9
9 9 9 9 9
9 9 9 9 9
6 6 6 6 6
1 0 0 0 0
9 9 9 9 9
9 9 9 9 9
9 9 9 9 9
6 6 6 6 6
7 7 0 0 0
9 9 9 9 9
9 0 0 0 9
9 9 9 6 6
6 6 6 6 6
9 9 0 0 0
9 9 9 9 6
6 6 6 6 9
9 9 6 6 6
6 6 6 6 9
9 9 9 9 9
9 9 9 9 6
6 6 6 6 6
9 9 6 6 6
6 6 6 6 9
9 9 9 9 9
9 9 9 9 6
6 6 6 6 6
9 6 6 6 6
0 0 6 6 9
9 9 9 9 9
9 9 9 6 6
6 6 6 6 6
9 9 9 9 9
0 0 7 9 9
9 9 9 9 9
0 0 0 6 6
6 6 6 6 9
9 9 9 9 9
0 0 0 9 9
9 9 9 9 9
0 0 0 0 6
6 6 6 6 6
9 9 9 9 9
0 0 0 6 9
9 9 9 9 0
0 0 0 0 0
6 6 6 6 6
6 9 9 9 9
0 0 6 1 1
9 9 9 0 0
0 0 0 0 0
0 6 6 6 6
6 6 9 9 9
0 0 0 1 1
1 7 9 0 0
0 0 0 0 0
0 0 6 6 6
6 6 0 7 7
0 0 9 9 9
7 7 7 0 0
0 0 0 0 0
0 0 0 0 0
0 6 0 0 9
6 6 9 9 9
9 7 7 0 0
0 0 0 0 0
0 0 0 0 0
0 0 0 9 9
6 6 9 9 9
9 9 9 9 0
0 0 0 0 0
0 0 0 0 0
0 0 9 9 9
0 0 0 9 9
9 9 9 9 0
0 0 0 6 0
0 0 0 0 0
9 9 9 9 9
0 0 0 9 9
9 9 9 9 0
0 7 7 7 0
0 0 0 9 9
9 9 9 9 9
0 0 0 0 9
9 9 9 7 7
7 7 7 7 7
0 1 9 9 9
9 9 9 9 9
0 0 0 0 0
9 9 9 7 7
7 7 7 7 7
1 1 9 9 9
9 9 9 9 9
