1 1 6 6 6
6 9 1 1 1
9 9 9 9 9
9 9 9 9 9
9 9 9 7 7
1 1 6 6 6
0 0 0 1 1
1 9 9 9 9
9 9 9 7 9
9 9 9 4 4
0 0 0 6 0
0 0 0 1 1
1 1 9 9 9
9 9 9 9 6
9 9 9 4 4
0 0 0 0 0
0 0 0 0 1
1 9 9 9 9
9 9 9 9 9
9 9 6 4 4
9 0 0 0 0
0 0 0 0 9
9 9 9 9 9
9 9 9 9 9
9 9 9 6 1
7 7 9 0 0
0 0 0 9 9
9 9 9 9 9
9 9 1 9 9
9 9 9 9 1
9 9 9 0 0
0 0 0 9 9
9 9 9 9 9
9 9 9 9 9
9 9 9 9 9
9 9 0 0 0
0 4 4 4 9
9 9 9 9 9
9 9 9 9 9
9 9 9 9 9
9 9 0 0 0
4 4 4 7 7
7 9 9 9 9
9 9 9 9 9
9 9 9 9 9
9 9 0 0 0
4 4 4 7 7
7 7 7 4 4
4 9 1 1 9
9 9 1 1 1
9 9 0 0 0
4 4 7 7 7
7 7 7 4 4
4 1 1 1 1
1 1 1 1 1
1 1 1 0 0
0 9 9 7 7
7 7 7 4 4
4 4 1 4 1
1 1 1 1 1
1 1 1 0 0
9 9 9 7 7
7 7 7 4 4
4 4 4 4 4
1 1 1 1 1
1 1 1 1 7
9 9 9 9 9
7 6 4 4 4
4 4 4 4 4
1 1 1 1 1
1 1 1 7 7
9 9 9 9 9
6 4 4 4 4
4 4 4 4 4
9 9 1 0 0
1 1 7 7 7
9 9 9 9 9
4 4 4 4 4
4 4 4 4 9
9 9 0 0 0
1 1 1 7 9
9 9 9 9 9
4 4 4 4 4
4 4 4 1 9
9 9 0 0 0
1 1 1 9 9
9 9 9 9 9
9 4 4 4 4
4 4 4 4 4
4 0 0 0 0
1 1 1 9 9
9 9 9 9 6
7 4 4 4 4
4 4 4 4 4
4 0 0 0 0
1 1 1 1 9
9 9 9 9 7
7 4 4 4 4
4 4 4 4 4
4 0 0 0 0
1 4 4 4 9
9 9 9 9 7
7 0 4 4 4
4 4 4 4 4
4 0 0 0 0
4 4 4 0 0
9 9 9 9 9
0 0 0 4 4
4 4 4 4 4
6 0 0 0 0
4 9 9 9 9
4 0 0 0 0
0 0 0 0 9
4 4 4 4 4
0 0 0 0 0
9 9 9 9 9
0 0 0 0 0
0 0 0 0 9
4 4 4 4 4
0 0 0 0 0
9 9 9 9 9
0 0 0 0 0
0 0 0 0 9
9 4 4 4 4
0 0 0 0 0
9 9 9 9 9
0 0 0 0 0
9 0 0 0 9
6 4 4 4 4
0 0 0 0 0
6 4 4 9 9
9 6 6 0 9
9 9 0 0 4
4 4 4 4 4
0 0 9 9 9
6 4 4 9 9
9 6 6 6 9
9 9 9 4 4
4 4 4 4 4
0 0 9 9 9
6 4 9 9 9
6 6 6 6 6
9 9 1 4 4
4 4 4 4 4
9 9 9 9 9
6 6 9 0 0
6 6 6 6 6
1 1 1 1 1
0 0 0 0 9
9 9 9 9 9
6 6 0 0 0
0 6 6 6 6
1 1 1 1 1
0 0 0 0 0
9 9 9 9 9
6 0 0 0 0
0 0 6 6 6
1 1 1 1 1
1 0 0 0 0
9 9 9 9 9
6 0 0 0 0
0 0 6 6 6
9 1 1 1 1
0 0 0 0 0
0 0 9 9 9
9 0 0 0 0
0 0 6 6 6
9 9 9 1 0
0 0 0 0 0
0 0 0 0 0
9 9 9 9 7
4 4 0 0 0
9 9 9 9 0
0 0 0 0 0
0 0 0 0 0
9 9 4 4 7
4 0 0 0 0
0 9 9 0 0
0 0 0 0 0
0 0 0 9 9
7 7 4 4 0
0 0 0 0 0
0 0 0 0 0
0 0 0 0 9
9 9 9 9 9
7 7 4 4 0
0 0 0 0 0
0 0 0 0 0
0 0 9 9 9
9 9 9 9 9
7 7 7 7 0
0 0 0 0 0
0 0 0 0 1
9 9 9 9 9
9 9 9 9 9
7 7 7 7 0
0 0 7 7 0
0 0 0 0 6
9 9 9 9 9
9 9 9 7 9
1 7 7 7 0
0 7 7 7 7
0 0 0 6 9
9 9 9 9 9
9 9 7 7 7
1 1 1 1 1
1 7 7 7 7
9 0 9 9 9
9 9 9 9 4
4 7 7 7 7
1 1 1 1 1
1 7 7 9 9
9 9 9 9 9
9 1 9 9 4
4 7 7 7 7
6 6 1 1 1
1 7 7 9 9
9 9 9 9 1
1 1 1 1 9
9 7 7 7 7
6 6 6 6 9
9 9 9 9 9
9 9 9 9 1
1 1 1 1 9
9 7 7 7 7
6 6 6 6 9
9 9 9 9 9
9 9 9 9 1
1 9 9 9 9
9 9 7 7 7
6 6 6 6 9
9 9 9 9 9
9 9 9 9 9
9 9 9 9 9
9 7 7 7 7
4 4 6 6 6
9 9 9 9 9
9 9 9 9 9
9 9 9 9 9
9 9 9 9 9
4 4 6 6 6
1 9 9 9 9
9 9 9 0 9
9 9 9 9 9
9 9 9 9 9
1 1 6 6 6
1 4 9 9 9
9 9 9 9 0
9 9 9 9 9
9 9 9 9 9
