2 2 2 9 9
9 8 8 8 8
8 8 8 8 7
9 7 7 7 7
9 9 9 9 9
8 2 2 9 9
9 8 8 8 8
8 8 8 8 2
7 7 7 7 7
9 9 9 9 9
8 8 2 0 9
9 9 8 8 8
8 8 8 8 7
7 7 7 7 7
9 9 9 9 9
8 8 0 0 8
9 9 8 8 8
8 8 8 8 7
7 7 7 7 7
9 9 0 3 3
0 0 0 0 8
8 8 8 8 8
8 2 2 2 2
7 7 7 7 3
0 0 0 3 3
0 0 0 8 8
8 8 8 8 8
2 2 2 2 2
2 7 0 0 0
0 0 0 3 3
0 0 0 0 8
8 8 8 8 8
2 2 2 2 2
2 9 0 0 0
0 0 0 3 3
9 9 9 2 8
8 8 8 8 8
2 2 2 2 2
2 9 9 0 0
0 0 0 3 3
9 9 2 2 2
8 8 8 8 8
8 2 2 2 2
2 7 7 7 7
0 0 0 0 3
9 9 2 2 2
2 8 9 9 8
8 2 2 2 2
2 7 7 7 7
0 0 0 9 3
0 0 0 2 0
0 0 9 9 9
2 2 2 2 2
7 7 7 7 7
7 0 0 0 0
0 0 0 0 0
0 0 9 9 9
9 9 2 9 9
9 9 0 7 7
7 0 0 0 0
0 0 0 0 9
0 0 9 9 9
9 9 9 9 9
9 9 9 7 7
7 7 7 0 0
0 0 9 9 9
9 8 8 8 9
9 9 9 9 9
9 9 9 9 7
7 7 7 0 0
0 0 9 9 9
9 7 8 9 9
9 9 9 9 9
9 9 9 9 9
7 7 7 0 0
0 0 9 9 9
7 7 7 9 9
9 9 9 9 9
9 9 9 9 8
0 0 0 0 0
0 0 9 9 7
7 7 7 9 9
9 9 9 9 9
9 9 9 9 9
0 0 0 0 0
2 2 2 9 7
7 7 2 2 2
2 9 9 9 9
9 9 9 9 9
9 0 0 0 0
2 2 2 9 7
9 7 2 2 2
2 2 9 9 9
9 9 9 9 9
7 0 0 0 0
2 2 2 9 9
9 9 2 2 2
2 2 9 9 9
7 7 7 8 7
7 7 0 9 9
2 2 2 0 9
9 9 2 2 2
2 2 3 7 7
7 7 7 7 7
7 7 7 7 9
2 2 2 0 8
9 9 9 2 2
2 2 2 7 7
7 7 7 7 7
7 7 7 7 7
2 2 2 8 8
8 8 2 2 2
2 2 7 7 7
7 7 7 7 7
7 7 7 7 7
2 2 2 8 8
8 2 2 2 2
2 7 7 7 7
7 7 7 7 7
7 7 7 3 3
2 2 2 2 2
9 9 2 2 2
2 7 7 7 7
7 7 7 7 7
7 7 3 3 3
2 2 2 2 9
9 9 9 2 2
7 7 7 7 7
7 7 7 7 7
7 3 3 3 3
2 2 2 2 9
9 9 9 9 9
7 7 7 7 7
7 7 7 7 7
3 3 3 3 3
2 2 2 2 2
8 8 9 9 9
7 7 7 0 0
0 0 3 3 3
3 3 3 3 3
2 2 2 2 2
2 2 2 9 9
9 9 9 9 0
0 3 3 3 3
3 3 3 3 3
2 2 2 2 2
2 2 2 9 9
9 9 8 8 8
4 3 3 3 3
3 9 9 9 3
2 2 2 2 2
2 2 9 9 9
9 8 8 8 4
4 2 2 4 0
0 9 9 9 9
2 2 2 9 9
9 9 9 9 9
9 8 8 8 4
2 2 2 4 0
0 9 9 9 9
2 2 2 9 9
9 9 9 9 9
9 2 8 2 2
2 2 2 2 2
0 9 9 9 0
2 2 2 2 9
9 9 9 4 4
4 2 2 2 2
2 2 2 2 2
2 9 0 0 0
2 2 2 2 2
7 9 7 4 4
0 0 0 2 2
2 2 2 2 2
2 9 9 0 0
2 2 2 2 2
7 7 7 0 0
0 0 0 0 2
2 2 0 2 2
2 0 9 0 0
2 2 2 2 8
7 7 7 0 0
0 0 0 0 4
4 0 0 0 0
0 0 0 0 0
2 2 2 2 8
8 7 7 9 0
0 0 0 0 4
4 0 0 0 0
0 0 0 0 0
2 2 2 8 8
8 7 7 9 9
7 7 7 7 4
4 0 0 0 0
0 0 0 0 0
4 2 8 8 8
8 7 9 9 9
7 7 7 7 7
0 0 0 0 0
0 0 2 2 2
4 4 8 8 8
9 9 9 9 7
7 7 7 7 7
0 0 0 0 0
0 0 0 2 2
4 4 8 8 8
9 9 9 9 7
7 7 7 7 7
0 0 0 0 0
0 0 0 0 2
9 9 9 9 8
9 9 9 7 7
7 9 9 7 7
0 0 0 0 0
0 0 0 0 2
9 9 9 9 9
0 9 9 7 7
7 9 9 3 0
0 0 0 0 0
0 0 0 0 0
9 9 9 9 0
0 9 9 9 7
7 7 8 8 4
7 0 0 0 0
0 0 0 0 0
9 9 9 9 9
9 9 9 9 9
7 7 8 7 7
7 7 4 0 0
0 0 0 0 0
9 9 9 9 9
9 9 9 9 9
9 9 9 7 7
7 7 4 4 0
0 0 0 0 0
9 9 9 9 9
9 9 9 9 9
9 9 9 7 7
7 7 4 4 0
0 0 0 0 0
9 9 9 9 2
2 9 9 9 9
9 9 9 7 7
7 7 7 9 9
2 0 0 0 0
9 9 9 2 2
2 2 7 9 9
9 9 9 7 7
7 7 7 7 7
2 2 0 0 0
