2 2 1 1 1
1 1 6 6 6
6 6 6 0 0
0 0 0 0 2
1 1 1 1 1
1 1 1 1 1
1 1 1 6 6
6 6 0 0 0
0 0 0 0 0
0 1 1 1 0
1 1 1 1 1
1 1 1 6 6
6 0 0 0 0
0 0 0 0 0
0 0 0 0 0
1 1 1 1 1
1 1 1 1 6
6 0 0 0 0
0 0 0 0 0
0 0 0 0 0
1 1 1 1 1
1 1 1 1 1
1 1 9 0 0
0 0 0 0 0
0 0 0 0 0
0 1 1 1 1
1 1 1 1 1
1 9 9 9 9
0 0 0 0 0
9 0 2 0 0
0 0 0 1 1
1 1 1 1 1
1 9 9 9 9
9 9 9 9 9
9 9 9 2 0
0 0 0 1 1
1 1 1 1 1
0 0 9 9 9
9 9 9 9 9
9 9 9 1 1
0 0 2 2 1
1 1 1 1 1
0 0 9 9 9
9 9 9 9 9
9 9 9 9 9
2 2 2 2 9
9 9 9 1 1
1 1 1 9 9
9 9 9 9 3
9 9 9 9 9
2 2 2 2 9
9 9 9 1 1
1 1 9 9 9
9 9 9 3 3
9 9 9 9 9
9 9 9 1 9
9 9 9 1 1
1 1 9 9 9
9 9 9 3 3
3 9 9 9 9
9 9 9 9 9
9 9 9 9 1
1 1 9 9 9
9 9 9 9 3
9 9 9 9 9
9 9 9 9 9
9 9 9 9 1
1 1 1 1 9
9 9 9 9 9
9 9 9 9 6
9 9 9 9 9
9 9 9 9 1
1 1 9 9 9
9 9 9 9 9
9 9 9 9 6
9 9 9 9 9
9 9 3 3 6
1 9 9 9 9
9 9 9 9 9
9 9 9 9 9
9 9 9 9 9
9 3 3 3 6
6 9 9 9 9
9 9 9 9 9
9 6 6 6 6
6 6 6 9 9
9 3 0 0 6
6 9 9 9 9
9 9 9 9 9
9 6 6 6 6
6 6 2 2 2
3 9 0 0 0
0 9 9 9 9
9 9 9 9 9
9 9 6 0 0
6 6 6 2 2
2 9 0 0 0
0 0 9 9 9
9 9 9 9 9
9 9 0 0 0
6 6 6 2 2
2 9 0 0 0
0 0 0 9 9
9 9 9 9 9
9 9 0 0 0
6 6 6 6 6
6 6 0 0 0
0 0 0 9 9
9 9 9 9 9
9 9 9 9 9
6 6 6 6 6
6 6 0 0 0
0 0 0 9 9
9 9 9 9 9
9 9 9 9 1
6 6 6 6 6
6 6 0 0 0
9 9 9 9 9
9 9 9 9 9
9 9 9 9 1
6 6 6 6 6
6 6 6 0 6
9 9 9 9 9
9 9 9 9 9
9 9 9 9 9
1 6 6 6 6
6 6 6 6 6
3 9 9 9 9
9 9 9 9 9
9 9 9 9 9
1 1 6 6 6
6 6 6 6 6
3 3 9 9 9
9 9 9 9 9
9 9 9 9 9
1 1 1 6 6
6 6 6 6 6
3 3 9 9 9
9 9 9 9 1
9 9 9 9 0
1 1 6 6 6
6 6 6 6 6
6 6 9 9 9
9 9 1 1 1
9 9 9 9 0
1 6 6 6 6
6 6 6 6 6
6 6 6 9 9
9 9 1 1 1
1 9 9 0 0
0 6 6 6 6
6 6 6 6 6
6 6 6 9 9
9 3 3 1 1
1 1 1 1 0
0 6 6 6 3
3 2 2 0 0
0 6 6 6 9
9 3 3 3 1
1 1 1 1 1
1 1 1 1 3
3 2 0 0 0
0 0 6 6 9
3 3 3 3 1
1 1 1 1 1
1 1 1 1 0
0 9 9 0 0
9 9 9 6 9
3 3 3 3 1
1 1 1 3 3
0 1 1 1 1
1 9 9 9 9
9 9 9 1 9
9 3 3 3 3
3 3 3 3 3
0 1 1 1 1
1 9 9 9 9
9 9 9 9 9
9 9 3 3 3
3 3 3 3 3
1 1 1 1 1
1 9 9 9 9
9 9 9 9 9
9 9 3 3 3
3 3 3 3 3
1 1 1 1 1
1 0 9 9 9
9 9 9 9 9
9 9 6 6 3
3 3 3 3 0
1 1 1 1 1
2 9 9 9 9
9 9 9 9 9
9 9 6 6 6
3 3 3 3 0
1 1 1 1 1
9 9 9 9 9
9 9 9 9 9
9 9 6 6 6
6 3 3 3 9
9 1 1 1 9
9 9 9 9 9
9 9 9 9 9
9 9 6 6 6
6 2 2 2 2
9 0 0 0 0
9 9 9 9 9
9 9 9 0 9
9 9 6 6 6
6 2 2 2 2
9 0 0 0 0
0 2 2 2 9
9 9 9 0 9
9 9 9 0 0
2 2 2 2 2
9 9 9 0 0
1 2 2 9 9
9 9 9 9 9
9 9 9 1 1
2 2 2 2 2
9 9 9 0 1
1 1 9 9 9
9 9 9 9 9
9 9 9 9 0
0 2 2 2 2
9 2 2 2 1
9 9 9 9 9
9 9 9 9 9
9 9 9 9 0
0 0 2 2 2
2 2 2 2 1
9 9 9 9 9
9 9 9 9 9
9 9 9 1 0
0 9 2 2 2
2 2 2 1 9
9 9 9 9 9
9 9 9 9 9
9 9 1 1 1
9 9 2 2 2
2 2 2 6 6
6 3 3 9 9
9 9 9 9 9
9 9 1 1 1
9 9 9 2 2
2 2 2 6 6
6 3 3 9 9
9 9 9 9 3
3 1 1 1 1
9 9 9 2 2
