9 9 9 9 9
5 5 5 8 8
9 9 9 9 0
0 0 0 0 0
3 3 3 7 9
9 9 9 9 9
5 5 5 7 7
7 9 9 9 0
0 0 0 0 0
3 3 3 7 9
9 9 9 9 9
9 5 5 7 7
7 9 9 9 9
0 0 0 0 0
0 7 7 7 9
9 9 9 9 9
9 5 5 5 7
7 9 9 9 9
0 0 0 0 0
0 0 0 9 9
9 9 9 9 9
9 5 5 5 5
9 9 9 9 9
9 0 0 0 0
0 0 0 8 8
9 9 9 9 9
9 9 9 5 5
9 9 9 9 9
9 0 0 0 0
0 0 0 0 8
3 3 9 9 9
9 9 9 9 7
9 9 9 9 9
9 9 0 0 0
0 0 0 0 0
3 3 9 9 9
9 9 9 7 7
7 9 9 9 9
9 9 0 0 0
0 0 0 0 0
3 3 9 9 9
9 9 9 7 7
7 7 7 9 9
9 9 9 0 0
0 0 0 0 0
3 3 9 9 7
7 7 7 7 7
7 7 7 8 8
9 9 9 0 0
0 0 5 0 0
3 7 7 7 7
7 7 7 7 7
7 7 7 7 3
3 9 9 9 0
0 0 0 5 5
7 7 7 7 7
7 7 7 7 9
7 7 7 7 3
3 3 3 3 3
0 0 0 5 5
7 7 7 7 7
7 7 7 3 3
7 7 7 3 3
3 3 3 3 3
3 0 0 5 5
7 7 7 7 7
7 7 7 3 3
3 0 3 3 3
3 3 3 3 3
3 3 3 3 3
7 7 7 7 7
7 7 7 7 3
3 3 3 3 3
3 3 3 3 3
3 3 3 3 3
7 7 7 7 7
7 7 7 7 3
3 3 3 3 3
3 3 3 3 3
3 3 3 3 3
7 7 7 7 7
7 7 7 7 7
3 3 3 3 3
3 3 3 3 3
3 3 3 3 3
7 7 7 7 7
7 7 7 7 7
7 7 3 3 3
3 3 3 3 3
3 3 3 3 3
7 3 7 7 7
7 7 7 7 7
7 7 7 7 3
3 3 3 3 3
3 3 3 3 3
7 7 9 7 7
7 7 7 7 7
7 7 7 3 3
3 3 3 3 3
3 3 3 3 3
7 7 9 8 8
8 0 0 0 7
7 0 9 3 3
3 3 3 3 3
3 3 3 3 3
5 5 5 8 8
8 0 0 0 3
3 3 9 3 3
3 3 3 3 3
3 3 3 3 3
5 5 5 8 8
8 0 0 0 3
3 3 3 9 3
3 3 0 0 0
3 3 3 3 3
5 5 5 5 0
0 0 0 3 3
3 3 3 3 3
3 3 0 0 3
3 3 3 3 3
5 5 5 5 5
0 0 0 3 3
3 3 3 3 3
3 3 3 3 3
3 3 3 3 3
5 5 5 5 5
0 0 0 0 3
3 3 3 3 3
3 3 3 3 3
3 3 3 7 7
5 5 5 5 5
0 0 0 0 3
3 3 3 3 3
3 3 3 3 3
3 3 3 7 7
5 5 5 5 0
0 0 0 0 3
3 3 3 3 3
3 3 3 3 3
3 3 7 7 7
5 5 5 5 0
0 0 0 3 3
3 3 3 3 3
3 3 3 3 3
3 3 3 3 3
5 5 5 0 0
0 0 0 0 3
3 8 3 3 3
3 3 3 3 3
7 3 3 3 3
5 5 5 5 0
0 0 0 0 0
8 8 8 8 3
3 3 8 8 9
7 3 3 3 3
5 5 8 8 8
0 0 0 0 0
8 8 8 8 8
8 8 8 9 9
7 3 3 3 0
9 8 8 8 8
0 0 0 0 0
8 8 8 8 8
8 8 8 7 9
7 3 0 0 0
9 9 8 8 8
0 0 0 0 0
8 8 8 8 8
8 8 8 7 7
7 0 0 0 0
9 9 8 8 8
9 0 0 0 5
5 8 8 8 8
8 8 7 7 7
7 0 0 0 0
9 0 0 0 3
9 9 9 5 5
5 8 8 8 8
8 8 7 7 0
0 0 0 0 0
9 0 0 0 9
9 9 9 5 5
5 8 8 8 8
8 8 0 0 0
0 0 0 0 0
9 9 9 9 9
9 9 9 9 5
5 8 8 8 8
8 0 0 0 0
0 0 9 9 9
9 9 9 9 9
9 9 9 9 9
9 9 8 8 8
9 0 0 0 0
5 9 9 9 9
9 9 9 9 9
9 9 9 9 9
9 9 9 9 9
9 0 0 0 0
5 9 9 9 9
9 9 9 9 9
9 9 9 9 9
9 9 9 9 9
0 0 0 0 0
9 9 9 9 9
9 9 9 9 9
9 9 9 9 9
9 9 9 9 0
0 0 0 0 3
3 9 9 9 9
9 9 9 9 9
9 9 9 9 9
9 9 9 9 0
0 0 0 0 3
3 8 8 8 8
9 9 9 9 9
9 9 9 9 9
9 9 9 8 0
0 0 0 0 3
3 8 8 8 8
9 9 9 5 9
0 9 9 9 9
9 9 9 8 0
0 0 0 9 9
9 8 8 8 8
9 9 9 9 9
0 9 9 9 9
9 9 9 9 9
9 0 0 9 9
9 0 0 0 0
9 9 9 9 9
9 9 9 9 9
9 9 9 9 9
9 9 0 0 0
0 0 0 0 0
5 9 9 9 9
9 9 9 9 9
9 9 9 9 9
9 9 0 0 0
0 0 0 0 0
9 9 9 9 9
9 9 9 9 9
9 9 3 8 8
8 8 0 0 0
0 0 0 0 0
9 9 9 9 9
9 9 9 9 9
9 9 3 8 8
8 8 8 0 0
0 0 0 0 0
