2 2 2 2 2
0 9 9 9 9
9 9 9 9 9
9 9 3 3 9
2 2 2 2 2
2 2 2 2 2
0 9 9 9 9
9 9 9 9 9
9 9 9 9 9
9 2 2 2 2
2 2 2 2 2
2 9 9 9 9
9 9 9 9 9
9 9 9 9 9
9 7 7 7 7
2 2 2 2 2
2 9 9 9 9
9 9 9 9 9
9 9 9 9 9
9 7 7 7 7
2 2 2 2 2
2 2 9 9 9
9 9 9 9 9
9 9 9 9 9
7 7 7 7 7
2 2 2 2 2
2 2 9 9 9
9 9 9 9 9
9 9 9 9 9
7 7 7 7 7
7 2 2 2 2
2 2 2 9 9
9 9 9 9 9
9 9 9 9 3
3 7 7 7 7
7 9 0 0 0
2 2 9 9 9
9 9 9 9 9
9 9 9 9 3
3 3 2 9 9
0 0 0 0 0
0 0 9 9 9
9 9 9 9 9
9 9 9 9 3
3 3 2 2 2
0 0 0 0 0
0 9 9 9 9
9 9 9 9 9
9 9 9 9 3
3 3 2 2 2
0 0 0 0 0
0 9 9 9 9
9 9 9 9 9
9 9 9 9 3
3 3 2 2 2
0 0 0 0 0
0 9 9 9 9
9 9 9 9 9
9 9 9 2 3
3 3 3 9 9
0 0 0 0 0
0 9 9 9 9
9 9 9 9 9
9 9 2 2 2
3 9 9 9 9
0 0 0 0 0
0 9 9 9 9
9 9 9 9 9
9 9 2 2 2
2 2 9 9 9
0 0 0 0 0
0 9 9 9 9
9 9 9 9 9
9 9 9 2 2
2 2 2 2 2
0 0 0 0 0
0 9 9 9 9
9 9 9 9 9
9 9 9 9 2
2 2 2 2 2
0 0 0 0 0
0 9 9 9 9
9 2 2 9 9
9 9 9 9 9
9 2 2 2 9
0 0 0 0 0
9 9 9 9 9
2 2 2 2 2
9 9 9 9 9
9 9 9 9 9
0 0 0 0 9
9 9 9 9 9
7 2 2 2 2
9 9 9 9 9
9 9 9 7 7
0 0 0 0 0
9 9 9 9 9
2 2 2 2 2
7 2 2 9 9
9 9 9 7 7
0 0 0 0 0
9 9 9 9 9
2 2 2 2 2
2 2 2 9 9
9 9 3 7 7
0 0 0 0 0
9 9 9 9 9
2 2 2 2 2
2 2 2 9 9
9 9 9 9 7
0 0 0 0 9
9 9 9 9 9
2 2 2 2 2
2 2 2 9 9
9 9 9 9 9
0 0 0 0 9
9 9 9 9 9
0 2 2 2 2
2 2 2 9 9
9 7 7 7 7
0 0 0 0 0
0 9 2 2 9
9 2 2 2 2
2 2 2 9 9
9 7 7 7 7
0 0 0 0 0
0 0 2 2 2
2 2 2 2 2
2 2 2 7 7
7 7 7 7 7
0 0 0 0 0
0 0 2 2 2
2 2 2 2 2
9 2 7 7 7
7 7 7 7 7
0 0 0 0 0
0 2 2 2 2
2 2 2 2 2
2 7 7 7 7
7 7 7 7 7
2 0 0 0 0
0 2 2 2 2
2 2 2 2 2
2 2 7 7 7
7 7 7 7 7
2 2 0 0 0
7 2 2 2 2
2 2 2 2 2
2 2 2 7 7
7 7 7 7 7
2 2 2 0 0
0 2 2 2 2
2 2 2 2 9
2 9 7 7 7
7 7 7 7 7
0 2 9 9 9
9 2 2 2 2
2 2 2 9 9
9 7 7 7 7
7 7 7 7 7
9 9 9 9 9
2 9 9 2 2
2 9 9 9 9
7 7 7 7 7
7 7 7 7 7
9 9 9 9 9
2 9 9 2 2
2 9 9 9 7
7 7 7 7 7
7 7 7 7 7
9 9 9 2 2
2 2 2 2 2
2 2 2 2 0
7 7 7 7 7
7 7 7 7 7
9 9 9 2 2
2 2 2 2 2
2 2 2 0 7
7 7 7 7 7
7 7 7 7 7
9 2 2 2 2
2 2 2 2 2
2 2 2 7 7
7 7 7 7 7
7 7 7 7 9
2 2 2 2 2
2 2 2 2 2
2 7 7 7 7
7 7 7 7 7
7 7 9 9 9
2 2 2 2 2
2 2 2 2 2
7 7 7 7 7
7 7 7 7 7
3 7 9 9 9
2 2 2 2 2
2 2 2 2 7
7 7 7 7 7
7 7 7 7 7
7 7 7 7 9
2 2 2 2 2
2 2 2 2 7
7 7 7 7 7
7 7 7 7 7
7 7 7 7 7
2 2 2 2 2
2 2 2 2 2
9 9 9 7 7
7 7 7 7 7
7 7 7 7 9
9 9 9 2 2
2 2 2 2 2
2 9 9 7 7
7 7 7 7 7
7 9 9 9 9
9 9 9 9 9
2 2 2 2 2
9 9 9 9 9
7 7 7 9 9
9 9 9 9 9
9 9 9 9 9
2 2 2 2 2
2 9 9 9 9
7 7 7 9 9
9 9 9 9 9
3 3 9 9 9
3 3 3 2 9
9 9 9 9 9
7 7 7 9 9
7 7 9 9 9
3 3 3 3 3
3 3 3 9 9
9 9 9 9 9
7 7 7 9 9
7 7 7 9 9
3 3 3 3 3
3 3 3 3 2
9 9 9 9 9
9 9 9 9 9
7 9 9 9 9
3 3 3 3 3
3 3 3 2 2
2 2 9 9 9
9 9 9 9 9
9 9 9 9 9
3 3 3 3 3
3 3 3 2 2
2 2 9 9 9
9 9 9 9 9
9 9 9 9 9
