9 9 9 9 1
1 7 7 7 7
7 7 7 7 7
7 7 7 7 2
2 2 9 6 9
9 9 9 9 9
9 7 7 7 7
7 7 7 7 7
7 7 7 1 1
1 2 9 8 8
9 9 9 9 9
7 7 7 7 7
7 7 7 7 7
7 7 7 1 1
1 9 9 8 8
9 9 9 9 9
7 6 7 7 7
7 7 7 7 7
7 3 3 1 1
1 9 8 8 8
9 9 9 9 9
8 8 6 6 1
7 7 7 7 7
3 3 3 1 1
1 8 8 8 8
9 9 9 9 8
8 8 8 1 1
1 7 7 9 9
9 3 3 1 1
1 8 8 8 8
9 9 9 9 8
8 8 8 1 1
1 1 9 9 9
9 3 3 3 6
6 8 8 8 1
9 9 9 8 8
8 8 6 1 1
1 1 9 9 9
9 9 9 9 6
6 8 8 1 1
3 3 3 3 8
8 6 6 6 6
1 1 9 9 9
9 9 9 9 9
6 6 9 1 1
3 3 3 3 8
8 6 6 6 6
6 6 9 9 9
0 9 9 9 6
6 6 9 1 1
3 3 3 3 2
2 6 6 6 6
6 6 6 9 9
9 9 9 9 6
6 6 1 1 1
3 3 3 3 3
6 6 6 6 6
6 6 6 9 9
9 9 9 9 6
1 1 1 1 1
3 3 3 3 6
6 6 6 6 6
6 6 6 9 9
9 9 9 9 6
1 1 1 1 1
3 3 3 3 6
6 6 6 6 6
9 9 9 9 9
9 9 9 9 8
1 1 1 1 1
3 3 3 3 6
6 6 6 6 9
9 9 9 9 9
9 9 9 8 8
2 1 1 1 1
3 3 3 9 3
6 6 6 9 9
9 9 9 9 9
9 2 2 2 2
2 2 2 1 1
2 2 9 9 9
6 6 7 7 7
8 8 8 9 9
2 2 2 2 2
2 2 2 2 1
2 2 9 9 9
6 7 7 7 7
8 8 8 8 2
2 2 2 2 2
2 2 2 2 2
1 9 9 9 9
9 7 7 7 7
8 8 8 8 2
2 2 2 2 2
2 2 2 2 2
9 9 9 9 9
9 1 1 1 9
9 8 8 8 2
2 2 2 2 1
2 9 9 9 9
9 9 9 9 9
9 1 1 1 1
9 9 8 8 9
2 2 2 1 1
1 9 9 9 9
9 9 9 9 9
1 1 1 1 1
1 1 1 2 2
2 2 2 1 1
9 9 9 9 9
9 9 9 9 1
1 1 1 1 1
1 1 1 2 2
2 2 6 2 9
9 9 9 9 9
1 1 9 1 1
1 1 1 1 1
1 1 6 2 2
2 6 6 9 9
9 9 9 9 9
6 1 2 1 1
1 1 1 1 1
1 1 1 1 1
7 6 6 6 9
9 9 9 9 8
2 2 2 2 1
1 1 1 1 1
1 1 1 1 1
1 1 9 9 9
9 9 8 8 8
2 2 2 2 1
1 1 1 1 7
1 1 1 1 1
1 1 9 9 9
9 1 1 8 8
1 1 2 2 1
1 1 1 7 7
7 1 1 1 1
1 1 9 2 2
1 1 1 8 8
1 1 1 1 1
1 1 1 1 7
7 7 1 1 1
1 9 9 2 2
1 1 1 9 9
1 1 1 1 1
1 1 1 1 7
7 7 1 1 1
1 1 9 2 2
1 1 1 6 6
1 1 1 1 1
1 1 1 1 1
7 1 1 1 1
1 1 9 9 9
1 1 1 6 6
9 9 8 8 0
1 1 9 9 1
1 1 1 1 1
1 1 9 0 0
0 0 3 3 3
9 8 8 8 7
9 9 9 9 9
9 1 1 1 1
1 1 1 0 0
0 0 3 3 3
1 1 1 1 7
7 9 9 9 9
9 9 9 1 1
1 1 0 0 0
0 9 9 9 9
1 1 1 1 7
7 7 1 1 9
9 9 9 9 1
1 1 0 0 0
0 9 9 9 9
1 1 1 1 9
9 9 1 1 1
9 9 9 9 1
1 1 0 0 0
0 0 9 9 9
1 1 1 1 1
1 1 1 1 1
9 9 9 9 9
1 1 0 0 0
0 7 8 9 9
1 1 1 1 1
1 1 1 1 1
9 9 9 9 9
9 9 0 0 0
7 8 8 8 8
2 2 1 1 1
1 1 1 1 1
9 9 9 9 9
9 9 0 0 2
9 9 8 8 8
2 2 1 1 1
1 1 1 1 1
9 9 9 9 9
9 7 7 7 7
9 9 9 9 8
2 2 1 1 1
1 1 1 1 1
8 9 9 9 9
9 7 7 7 7
9 9 9 9 9
2 2 1 1 1
1 1 1 1 1
1 9 9 9 9
7 7 7 7 6
6 6 9 9 9
2 2 3 1 1
1 1 1 1 1
1 9 9 9 9
7 7 7 7 6
6 6 6 9 9
3 3 3 3 1
1 1 1 1 1
1 9 9 9 9
7 7 7 6 6
6 6 6 9 9
3 3 3 3 1
1 1 1 1 1
9 9 9 9 9
7 7 7 6 6
6 6 6 3 9
3 3 3 9 9
1 1 1 1 2
2 9 9 9 9
6 6 6 6 6
6 6 6 9 9
2 0 9 9 9
1 1 1 1 9
9 9 9 9 9
9 6 6 6 6
6 6 6 9 9
9 0 0 9 9
9 1 1 1 9
9 9 9 9 9
9 9 6 6 6
6 6 6 9 9
9 9 0 0 0
1 1 1 1 7
6 6 9 9 9
9 9 9 6 6
6 6 6 9 9
9 9 9 9 1
1 1 1 1 6
6 6 6 9 9
9 9 9 6 6
6 6 6 9 9
