8 8 8 8 8
8 8 8 8 4
4 4 4 4 4
0 0 0 0 0
0 0 8 8 8
8 0 0 0 8
8 8 8 4 4
4 4 4 4 0
0 0 0 0 0
0 0 8 8 8
0 0 0 0 0
8 8 8 4 4
4 4 9 9 0
0 1 8 8 8
8 8 8 8 8
0 0 0 0 0
1 1 9 8 8
8 8 9 9 9
0 1 8 8 8
8 8 8 8 0
0 0 0 0 0
1 1 1 8 8
8 8 9 9 9
9 4 8 8 8
8 8 8 0 0
0 0 0 0 0
1 1 8 8 8
8 8 9 9 9
9 3 3 3 3
1 0 0 0 0
0 0 0 0 0
8 8 8 1 1
8 8 8 9 9
9 3 3 3 3
1 0 0 0 0
3 0 0 0 0
8 8 8 1 1
1 1 1 1 8
0 3 3 3 3
8 0 0 0 0
9 0 0 0 0
8 8 1 1 1
1 1 1 8 8
8 0 3 3 8
8 8 0 0 0
9 9 0 0 0
0 0 1 1 1
1 1 8 8 8
8 8 8 8 8
8 0 0 0 8
9 9 0 0 0
0 0 8 1 4
8 8 8 8 8
8 8 8 8 1
0 0 0 8 1
9 9 9 9 0
0 0 8 8 8
8 8 8 8 8
8 8 8 8 8
8 0 0 0 1
9 9 9 9 0
0 0 0 8 9
9 9 9 8 8
8 8 8 8 8
8 0 0 4 4
9 9 9 9 9
0 0 0 9 9
9 9 4 8 8
8 8 8 8 8
8 8 8 1 8
9 9 9 9 9
9 0 0 9 9
9 9 4 4 3
3 8 8 8 8
8 1 1 1 8
9 9 9 9 9
9 9 8 9 9
9 4 4 4 3
3 0 8 8 8
8 1 1 1 0
9 9 9 9 9
9 9 9 1 1
1 1 4 3 3
3 3 8 8 8
8 1 1 8 8
9 9 9 9 9
9 9 1 1 1
1 1 3 3 3
3 3 8 8 8
3 3 3 8 8
9 9 9 9 9
9 1 1 1 1
1 1 9 1 3
1 1 8 8 8
3 3 3 8 8
9 9 9 9 9
9 1 1 1 1
1 1 1 1 1
1 1 8 8 0
0 3 3 3 3
9 9 9 9 9
9 1 1 1 1
1 1 1 1 1
1 1 8 8 0
0 3 3 3 3
9 9 9 9 9
1 1 1 1 1
1 1 1 1 1
1 1 8 8 8
0 3 3 3 3
9 9 9 9 9
1 1 1 1 1
9 9 9 9 9
8 8 8 8 8
0 3 3 3 3
9 9 9 9 9
1 1 1 1 1
9 9 9 9 9
9 9 8 4 3
3 3 3 3 3
9 9 9 9 9
1 1 1 1 9
9 9 9 9 9
9 9 9 4 3
3 3 3 3 3
0 0 0 9 0
1 1 1 1 9
9 9 9 9 9
9 9 9 3 3
3 3 3 3 3
0 0 0 0 8
8 8 8 8 9
9 9 9 9 9
9 9 9 3 3
3 3 3 3 0
0 0 0 0 8
8 8 8 8 8
9 9 9 9 9
9 3 3 3 3
3 3 3 3 0
0 8 8 8 8
8 8 8 8 8
0 0 0 9 9
9 3 3 3 3
3 3 3 3 1
8 8 8 8 8
8 8 8 8 8
0 0 0 0 0
0 0 3 3 3
3 3 3 3 1
8 8 8 8 8
8 8 8 8 8
0 0 0 0 0
0 0 3 3 3
3 9 8 1 1
8 8 8 8 8
1 1 8 8 8
8 0 0 0 0
0 0 1 3 3
3 3 9 9 9
8 8 8 8 1
1 1 8 8 8
8 0 0 0 0
9 9 1 3 3
3 3 9 9 9
0 0 8 1 1
1 1 8 8 8
8 0 0 0 9
9 9 0 0 3
3 3 9 9 9
0 0 1 1 1
4 4 8 8 8
9 9 9 9 9
9 9 0 0 0
0 0 0 9 9
0 1 1 4 4
4 4 4 8 9
9 9 9 9 9
9 9 0 0 0
0 0 0 0 1
4 1 1 4 4
4 4 4 4 9
9 9 9 9 9
3 0 9 0 0
0 0 8 8 8
4 1 1 4 4
4 4 4 4 4
0 0 9 9 9
9 0 8 0 0
0 8 8 8 8
9 9 1 4 4
4 4 4 4 4
0 0 0 9 9
9 9 8 0 0
0 8 8 8 1
9 9 9 9 8
8 8 4 4 4
0 0 0 9 9
9 9 9 3 9
9 8 8 8 1
9 9 9 9 8
8 8 9 9 9
9 9 9 9 9
9 9 9 3 9
9 9 4 1 1
9 9 9 8 8
8 8 9 9 9
9 9 9 9 9
9 9 9 0 9
9 9 4 0 0
9 9 9 8 8
8 9 9 9 9
9 9 9 9 9
9 9 4 9 9
9 9 4 0 0
9 9 8 8 8
8 9 9 9 9
9 9 9 9 9
9 9 4 9 9
9 9 0 0 0
9 9 8 8 8
8 9 9 9 9
9 9 9 9 9
9 9 0 0 0
0 0 0 0 0
1 9 8 8 8
8 9 9 9 4
9 9 9 9 9
9 9 0 0 0
0 0 0 0 0
1 8 8 8 8
8 9 9 4 4
4 8 8 8 9
9 0 0 0 0
0 0 0 0 0
9 8 8 8 8
8 0 0 4 4
4 8 8 8 9
9 0 4 4 0
0 0 0 0 0
9 9 9 8 9
0 0 0 0 4
4 8 8 8 9
9 4 4 4 0
0 0 0 0 0
9 9 9 9 9
0 0 0 0 4
4 4 8 8 9
9 4 4 4 0
0 0 0 0 0
