7 7 7 7 7
7 7 9 9 9
9 6 0 0 0
9 9 9 9 9
9 2 2 1 1
7 7 7 7 7
7 9 9 9 9
9 6 6 0 0
9 9 9 9 9
9 9 2 1 1
7 7 7 7 7
7 9 9 9 9
6 6 6 6 9
9 9 9 9 9
9 9 9 1 1
7 7 7 7 7
7 7 9 9 9
6 6 6 9 9
9 9 9 9 9
9 9 9 9 1
7 7 7 7 7
7 7 9 9 9
6 6 9 9 3
9 9 9 9 9
9 9 9 9 9
7 7 7 7 7
7 7 9 9 9
9 7 7 3 3
9 9 9 9 9
9 9 9 9 9
7 9 3 0 0
6 6 6 9 9
9 7 7 7 9
9 9 9 9 9
9 9 9 9 9
9 6 6 6 0
6 6 6 9 9
9 7 7 7 9
9 9 9 9 9
9 9 9 9 0
0 0 6 6 0
6 6 6 9 9
9 9 9 9 9
9 9 9 9 9
9 9 9 9 7
0 0 0 0 0
0 0 9 9 9
9 9 9 9 9
0 0 0 9 9
9 9 7 7 7
0 0 0 0 0
0 0 9 9 9
9 9 9 9 9
9 0 0 0 9
9 9 7 9 9
9 0 0 0 0
0 0 9 9 9
9 6 9 9 9
9 0 0 0 9
9 9 9 9 9
9 9 0 0 0
0 0 9 9 9
9 9 9 9 9
9 9 9 9 9
9 9 9 9 9
9 9 1 0 0
0 0 0 0 9
9 9 9 9 9
9 9 9 6 9
9 9 9 9 1
9 1 1 1 1
0 9 9 0 9
9 9 9 9 9
1 1 6 6 6
6 1 0 1 1
3 3 1 1 7
3 3 9 9 9
9 9 9 9 1
1 1 1 6 6
6 1 1 1 1
3 3 1 1 7
7 3 3 9 7
9 9 9 9 1
1 1 1 6 6
6 1 1 1 1
3 3 3 7 7
3 3 3 3 7
3 3 3 1 1
1 1 1 1 9
9 9 1 1 1
3 3 3 3 3
3 3 3 3 3
3 3 3 3 1
1 1 1 1 9
9 9 9 9 9
3 3 3 3 3
3 3 3 3 3
3 3 3 3 9
9 9 9 9 9
9 9 9 9 9
3 3 3 3 3
3 3 3 3 3
3 3 3 3 9
9 9 9 9 9
9 9 9 9 9
3 3 3 3 3
3 3 3 3 3
3 3 3 3 9
9 9 9 9 9
9 9 9 9 9
3 3 3 3 3
3 3 3 9 9
6 6 6 6 6
9 6 9 9 9
9 9 9 9 9
9 3 3 3 3
3 3 9 9 6
6 6 6 6 7
7 7 9 9 9
9 9 9 9 9
9 9 0 0 3
3 3 6 6 6
6 6 2 6 7
7 7 0 0 9
9 9 9 9 9
9 9 0 0 0
6 6 6 6 6
6 2 2 2 2
7 0 0 0 0
9 9 9 9 9
6 6 6 0 0
6 6 6 6 6
2 2 2 2 2
2 0 0 0 0
9 7 7 3 3
2 2 6 6 6
6 6 6 6 2
2 2 2 2 2
2 0 0 0 6
7 7 7 3 3
2 2 2 6 2
2 2 2 2 2
2 2 2 2 2
0 0 9 9 0
0 0 0 3 0
2 2 2 9 2
2 2 2 2 2
2 2 2 2 0
0 0 0 0 0
0 0 0 0 0
2 2 2 9 2
2 2 2 2 2
2 2 7 0 0
0 0 0 0 0
0 3 0 0 0
2 2 2 9 2
2 2 2 2 2
2 7 7 0 0
0 0 0 0 0
0 2 6 0 0
2 9 9 9 2
2 2 2 2 2
6 2 0 0 0
0 0 0 0 0
0 0 6 6 6
1 1 1 1 2
2 2 2 2 6
6 6 0 0 0
0 0 0 0 0
0 0 6 6 6
1 1 1 2 2
2 2 2 6 6
6 6 0 0 0
0 0 0 0 0
0 0 0 0 0
1 1 1 2 2
2 2 2 1 0
6 0 0 0 0
0 0 0 0 0
0 0 0 0 0
9 9 2 2 2
2 2 2 0 0
0 0 0 0 0
0 0 0 0 0
0 0 0 0 0
9 9 9 2 2
2 2 2 0 0
0 0 0 0 0
0 0 0 0 0
0 0 0 0 0
9 9 9 2 2
2 2 0 0 0
0 0 0 0 0
0 0 0 0 0
0 0 6 9 9
9 9 9 9 9
9 9 9 9 0
0 0 0 0 0
0 0 0 0 0
0 6 6 9 9
9 9 9 9 9
9 9 9 9 6
6 6 0 0 0
6 6 6 6 6
6 6 6 9 9
9 9 9 9 9
9 9 9 9 6
6 6 6 0 0
6 6 6 6 6
6 6 9 9 9
9 9 9 9 9
9 9 9 9 9
6 6 6 6 9
9 6 6 6 6
6 6 9 9 9
9 9 9 9 9
9 9 9 9 9
9 6 6 9 9
9 9 6 6 6
6 6 9 9 9
9 9 9 9 9
9 9 9 9 9
9 9 9 9 9
9 9 9 6 6
6 6 7 0 0
1 1 1 1 9
9 9 9 9 9
9 9 9 9 9
9 9 9 6 6
6 6 6 0 0
1 1 1 1 1
9 9 9 9 9
9 9 9 9 9
9 9 9 6 6
6 6 6 0 0
1 1 1 1 1
9 9 9 9 9
9 9 9 6 9
9 9 9 6 6
6 6 6 0 0
0 1 1 1 1
7 9 9 9 9
9 9 9 6 6
6 9 9 9 0
6 6 6 6 0
0 1 1 1 1
7 7 9 9 9
9 9 9 6 6
6 6 9 0 0
6 6 6 6 0
