7 7 7 9 9
9 9 5 5 5
5 5 5 5 5
5 5 5 5 5
9 9 9 5 9
7 7 7 9 9
9 9 5 5 5
5 5 5 5 5
5 5 5 5 5
5 5 5 9 9
7 7 7 5 5
5 5 5 5 5
5 5 5 5 5
5 5 5 5 5
5 5 5 5 9
9 9 5 5 5
5 5 5 5 5
5 5 5 5 5
5 5 5 5 5
5 5 5 5 5
9 9 5 5 5
5 5 5 5 5
5 5 5 5 5
5 5 5 5 5
5 5 5 5 5
9 5 5 5 5
5 5 5 5 5
5 0 9 5 5
5 5 5 5 5
5 5 9 9 9
5 5 5 5 5
5 5 5 5 0
0 0 0 9 9
5 5 5 5 0
5 9 9 9 9
5 5 5 5 9
5 5 5 5 0
0 0 0 0 9
6 5 5 5 0
0 9 9 9 9
9 9 9 9 9
9 5 5 0 0
0 0 0 0 6
9 9 9 9 9
9 9 9 9 9
9 9 9 9 9
9 9 0 0 0
0 0 0 9 9
9 9 9 9 9
9 9 9 9 9
9 9 0 0 9
9 9 9 9 0
0 0 0 9 9
9 9 9 9 9
9 9 9 9 9
9 9 9 9 9
9 9 9 9 0
0 5 5 9 9
9 9 9 9 9
9 9 9 9 9
9 9 9 9 9
9 9 9 5 5
5 5 5 5 9
9 9 9 9 9
9 9 9 9 9
9 9 9 9 9
6 5 5 5 5
5 5 5 5 5
9 9 9 9 9
9 9 9 8 9
8 8 8 8 8
6 5 5 5 5
5 5 5 5 5
5 8 9 9 9
9 9 8 8 8
8 8 8 8 8
8 5 5 5 5
5 5 5 5 5
5 6 6 6 6
9 8 8 8 8
8 8 8 8 8
8 5 5 5 5
5 5 5 5 5
5 6 6 6 6
6 9 9 9 9
9 8 8 8 8
8 5 5 5 5
5 5 5 5 5
9 6 6 6 6
6 9 9 9 9
9 9 8 8 9
9 5 5 5 5
5 5 5 5 5
5 5 6 6 6
6 9 9 9 9
9 9 9 9 9
9 5 5 5 5
5 5 5 5 5
5 5 6 6 6
6 6 9 9 9
0 9 9 9 5
5 5 5 5 5
5 5 5 5 5
5 5 6 6 6
6 6 6 9 9
9 9 9 5 5
5 5 5 5 5
5 5 5 5 5
5 5 6 6 6
6 6 6 9 9
9 9 9 5 5
5 5 5 5 5
5 5 5 5 9
9 5 0 6 6
6 6 9 9 9
0 0 0 5 5
5 5 5 5 5
5 5 5 5 9
9 9 0 5 7
7 7 9 9 9
0 0 0 0 5
5 5 5 5 5
5 5 5 5 9
9 8 8 5 7
7 9 9 9 9
0 0 0 0 7
7 5 5 5 5
5 5 5 5 5
8 8 8 8 7
7 9 9 9 9
0 0 0 7 7
7 5 5 5 5
5 5 5 5 5
5 8 8 8 8
9 9 9 9 9
0 0 0 0 0
0 0 5 5 5
5 5 5 5 5
5 8 8 8 8
8 9 9 9 9
0 0 0 0 0
0 0 0 0 5
5 5 5 5 5
5 5 5 8 8
9 9 9 9 9
0 0 0 0 0
0 0 0 0 9
5 5 5 5 5
5 5 5 9 0
0 0 9 9 9
0 0 6 6 8
8 0 0 5 5
5 5 5 5 5
5 5 9 0 0
0 0 7 7 9
0 0 6 6 8
8 8 9 9 5
5 5 5 5 5
5 9 9 0 0
0 7 7 7 7
8 8 6 6 9
8 9 9 9 5
5 5 5 5 5
5 9 0 0 0
0 7 7 7 7
8 8 8 9 9
9 9 9 9 5
5 5 5 5 5
0 0 0 9 0
0 0 0 0 0
8 8 8 9 9
9 9 6 6 5
5 5 5 5 5
0 0 0 0 0
0 0 0 0 0
8 8 8 8 8
8 8 6 6 6
5 5 5 5 9
0 0 0 0 0
0 0 0 0 0
9 8 8 8 8
8 8 8 9 9
5 0 0 9 9
0 0 0 0 0
0 0 0 0 0
9 8 8 8 8
8 8 8 8 9
0 0 0 0 0
0 0 0 0 0
0 0 0 0 0
9 9 8 8 8
8 9 9 9 9
0 0 0 0 0
0 0 0 0 0
0 0 0 0 0
9 9 9 6 6
9 9 9 9 9
9 0 0 0 0
0 0 0 0 0
0 0 0 0 0
9 9 9 6 9
9 9 9 9 9
9 9 9 9 9
9 9 9 0 0
0 0 0 0 0
9 9 9 9 9
9 9 9 9 9
9 9 9 9 9
9 9 0 0 0
0 0 0 0 0
9 9 9 9 9
9 9 9 9 9
9 9 9 9 9
9 0 0 0 0
0 0 0 0 0
9 9 9 9 9
9 9 9 9 9
9 0 9 9 9
6 0 0 0 0
0 0 0 0 0
7 7 7 7 9
9 9 9 9 9
9 0 9 9 9
0 0 0 0 0
0 0 0 0 0
7 7 7 7 7
9 9 9 9 9
9 0 0 0 0
0 0 0 8 0
0 0 0 0 0
7 7 7 7 7
9 9 9 9 9
0 0 0 0 0
0 0 0 0 8
0 0 0 0 0
8 7 7 7 9
9 9 9 9 5
5 0 0 0 0
0 0 0 0 0
0 0 0 0 0
9 9 9 9 9
9 9 9 7 7
7 7 7 0 0
0 0 0 0 0
0 0 0 0 0
9 9 9 9 9
9 7 7 7 7
7 7 7 0 0
0 0 0 0 0
0 0 0 0 0
