8 8 8 8 8
8 8 8 8 0
0 0 0 8 8
8 8 8 8 8
8 9 9 9 9
8 8 8 8 8
8 8 8 8 0
0 0 0 0 8
8 8 8 8 8
8 9 9 9 9
8 8 8 8 8
8 8 8 8 8
0 0 0 0 8
8 8 8 8 8
0 9 9 9 9
8 8 8 8 8
8 8 8 8 8
8 0 0 0 8
8 8 8 8 8
8 5 5 9 9
8 8 8 8 8
0 0 8 0 0
0 8 0 0 8
8 8 8 8 8
8 5 5 5 9
8 8 8 8 8
8 9 9 0 0
0 5 5 8 8
8 8 8 5 5
5 5 5 5 0
8 8 8 8 8
8 9 9 0 0
0 5 5 9 5
5 5 5 5 5
5 5 5 5 5
8 8 8 8 8
8 9 9 5 5
5 5 5 9 5
5 5 5 5 5
5 5 5 5 5
8 8 8 8 8
8 8 7 5 5
5 5 5 9 5
5 5 5 5 5
5 0 9 5 5
8 8 8 8 8
8 5 5 5 5
5 5 5 5 5
5 5 5 0 0
0 0 0 9 5
7 8 8 8 8
8 5 5 5 5
5 5 5 5 5
5 5 5 0 0
0 0 0 9 9
7 7 5 5 5
5 9 9 5 5
5 5 5 5 5
5 5 5 9 0
0 0 0 9 9
7 7 9 5 5
9 9 9 5 5
5 5 5 5 5
1 1 9 9 9
0 0 0 0 9
7 7 7 7 5
9 9 9 9 5
5 5 5 1 1
1 1 9 9 9
9 0 0 0 7
7 7 7 7 7
7 7 9 9 9
9 9 8 1 1
1 1 1 9 9
9 0 5 5 5
7 7 7 7 7
7 7 9 9 9
9 9 9 1 1
1 1 1 9 9
9 5 5 5 5
9 7 7 7 7
7 7 9 9 9
9 9 9 1 1
1 1 1 9 9
9 5 5 5 5
9 9 7 7 0
0 9 9 9 9
9 9 9 1 1
1 1 1 1 5
5 5 5 5 5
9 9 9 0 0
0 9 9 9 9
9 9 1 1 1
1 1 1 9 5
5 5 5 5 5
9 9 9 0 0
0 9 9 9 9
9 9 1 1 1
1 1 1 8 5
5 5 5 5 5
9 9 5 0 0
0 9 9 9 9
9 9 1 1 1
1 1 8 8 1
5 5 5 5 5
5 5 5 5 0
0 9 9 9 9
9 1 1 1 1
1 8 8 8 8
1 5 5 5 5
5 5 5 5 1
1 1 9 9 9
1 1 1 1 1
8 8 8 8 8
9 9 9 9 9
5 5 5 5 5
1 1 9 5 5
1 1 1 1 1
8 8 8 8 8
9 9 9 7 7
5 5 5 5 5
5 5 5 5 5
5 1 1 1 1
1 8 1 1 9
9 9 9 7 7
5 5 5 5 5
5 5 5 5 5
1 1 1 1 1
1 1 1 1 9
9 9 7 7 7
5 5 5 5 5
5 5 5 5 5
1 1 1 1 1
0 1 1 1 9
9 9 7 7 7
5 5 5 5 5
5 5 5 5 0
1 1 1 1 1
9 9 9 9 9
9 9 7 7 7
5 5 5 5 5
5 5 5 5 5
0 1 1 1 0
9 9 9 9 9
9 9 0 0 0
0 5 5 5 5
5 5 5 5 5
5 1 1 0 0
0 9 9 9 9
9 0 0 0 0
0 0 0 0 5
5 5 5 5 5
5 5 1 0 0
9 9 9 9 9
9 0 0 0 0
0 0 0 0 0
5 5 5 5 5
5 1 1 1 9
9 9 9 9 9
9 0 0 0 0
0 0 0 0 5
5 5 5 5 5
5 1 1 1 9
9 9 9 9 9
9 5 5 1 1
0 0 0 0 5
5 5 5 5 7
7 1 9 9 9
9 9 9 9 9
5 5 5 1 1
0 0 0 5 5
5 5 5 5 9
9 9 9 9 9
9 9 9 9 5
5 5 5 1 1
0 0 0 5 5
5 5 5 7 9
9 9 9 9 9
9 9 9 9 5
5 5 5 1 1
0 0 0 5 5
5 5 5 5 5
9 9 9 9 9
9 9 9 9 5
5 5 7 7 7
0 0 0 5 5
5 5 5 5 5
9 9 9 9 9
9 9 9 5 5
5 7 7 7 7
0 0 0 0 5
5 5 5 5 5
9 9 9 9 9
9 9 9 7 7
7 7 7 7 7
0 0 0 5 5
5 5 5 5 5
9 9 9 9 9
7 7 7 7 7
7 7 7 7 7
9 9 0 5 5
5 5 5 5 5
9 9 9 9 9
9 7 7 7 7
7 7 7 0 7
8 0 0 0 5
5 0 5 5 5
9 9 9 9 9
9 7 7 7 7
7 7 0 7 7
8 0 0 0 0
0 0 5 5 5
9 9 9 9 9
9 7 7 7 7
7 9 9 0 8
0 0 0 0 0
0 7 7 7 9
9 9 9 9 9
7 7 7 7 7
9 9 9 9 8
0 0 0 0 0
0 7 7 7 9
9 9 9 9 9
7 7 7 7 7
9 9 9 9 9
0 0 0 0 0
0 7 7 7 9
9 9 9 9 9
9 9 9 8 8
9 9 9 9 9
0 0 0 0 0
0 0 0 9 9
9 9 9 9 9
9 9 9 8 8
9 9 9 9 0
0 0 0 0 0
0 0 0 9 9
9 9 9 9 9
9 9 5 8 8
8 5 5 0 0
0 0 0 0 0
0 0 0 0 9
9 9 9 9 9
9 9 5 0 0
0 0 0 0 0
0 0 0 0 0
0 0 0 0 9
9 9 9 9 7
7 7 0 0 0
0 0 0 1 8
