9 4 4 9 9
9 9 9 9 1
1 1 1 1 1
1 1 1 1 6
6 6 3 9 9
9 9 9 9 9
9 9 9 4 4
1 1 1 1 1
1 1 1 1 6
6 6 3 9 9
9 9 9 9 9
9 9 3 4 4
4 1 1 1 1
1 1 1 1 6
6 6 6 9 9
9 9 9 9 9
1 1 3 3 3
4 1 1 1 1
1 1 3 3 0
6 3 3 3 3
1 1 1 1 4
4 4 4 3 3
3 1 1 1 1
1 1 3 3 3
3 3 3 3 3
3 3 9 1 4
4 4 4 3 3
1 1 1 1 1
1 1 3 3 3
3 3 3 3 3
3 3 9 9 4
4 4 4 4 6
9 1 1 1 1
1 3 3 3 3
3 3 3 3 3
3 3 3 1 4
4 4 4 6 6
6 1 1 9 1
1 3 3 3 3
3 3 3 3 3
3 3 3 3 1
4 4 4 6 6
1 1 1 1 9
1 3 9 9 9
9 9 3 3 3
3 3 3 3 1
4 4 4 4 1
1 1 1 1 1
1 1 9 9 9
9 9 3 3 3
9 9 1 1 1
1 4 4 1 1
1 1 1 1 1
1 1 1 9 9
9 3 3 3 3
9 1 1 1 1
1 1 1 1 1
1 1 1 1 1
1 1 1 1 9
9 9 3 4 4
1 1 1 1 1
1 1 1 1 1
1 1 1 1 1
1 1 1 1 1
1 1 9 4 4
9 1 1 1 1
1 1 1 1 1
1 1 1 1 9
1 1 1 1 1
1 1 9 9 9
9 9 9 9 1
1 1 1 1 1
1 1 1 9 6
6 9 9 9 1
1 1 9 9 9
9 9 9 9 3
1 1 1 1 1
1 1 1 0 6
6 6 9 9 1
1 1 1 9 9
9 9 9 9 3
3 1 1 1 1
1 1 1 0 6
6 6 9 9 9
1 1 0 0 0
9 9 9 9 1
1 1 1 1 1
1 1 9 9 6
6 6 9 9 9
0 0 0 0 0
9 1 1 1 1
1 1 1 1 1
1 1 9 9 9
6 9 9 9 0
0 0 0 0 0
1 1 1 1 1
1 1 1 1 9
9 9 9 9 9
9 9 9 0 0
0 0 0 0 0
1 1 1 1 1
1 1 1 9 9
9 9 9 9 9
9 0 0 0 0
0 0 0 0 0
1 1 1 1 1
1 1 1 1 9
9 9 9 9 9
9 0 0 0 3
0 0 0 0 9
1 1 1 1 1
1 1 1 9 9
9 9 9 9 9
9 9 0 3 3
3 0 0 9 9
1 1 1 1 1
1 1 1 9 9
9 9 9 9 9
9 9 9 0 3
3 6 6 9 9
1 1 1 1 1
1 4 1 9 9
9 9 9 9 9
9 9 9 9 0
0 6 6 6 9
1 1 1 1 3
1 1 4 0 0
0 9 9 9 9
9 9 9 9 9
6 6 6 9 9
9 9 1 1 1
1 1 1 0 0
0 0 9 9 9
9 9 9 9 9
9 9 9 9 9
9 9 1 1 1
1 1 1 1 0
0 0 9 6 9
9 9 9 9 9
0 9 9 9 9
9 9 9 1 1
1 1 1 1 0
0 0 6 9 9
9 9 9 9 9
9 0 9 9 9
9 9 9 9 3
3 1 1 9 9
9 9 9 9 9
9 9 9 9 9
9 9 3 3 3
9 9 9 9 3
3 1 1 9 9
9 9 9 9 9
9 9 9 9 9
9 9 1 3 9
9 9 9 9 3
3 3 3 3 9
9 9 9 9 9
9 9 9 9 9
9 1 9 9 9
9 9 9 9 3
3 3 3 3 9
9 9 9 9 9
9 9 9 9 9
3 3 9 9 9
9 9 9 9 3
3 3 3 9 0
9 9 9 9 9
9 9 9 9 9
3 3 9 9 9
6 6 6 6 0
3 3 3 9 9
9 9 9 9 9
9 9 9 9 4
4 4 9 9 9
6 6 6 6 0
3 9 9 9 9
9 9 1 9 9
9 9 9 9 4
4 4 9 3 3
6 6 6 6 9
9 9 9 9 9
9 9 9 9 9
9 9 9 9 9
6 6 3 3 3
6 6 9 9 9
9 9 9 9 9
9 9 9 9 9
9 9 9 9 9
6 6 6 3 3
6 6 9 9 9
9 9 9 9 9
9 9 9 9 9
9 9 9 9 9
6 6 6 6 6
1 1 9 9 9
9 9 9 9 9
9 9 9 9 9
9 9 9 9 9
6 6 6 6 6
1 1 1 9 9
9 9 9 9 9
9 9 9 9 9
9 9 9 9 9
6 6 6 6 6
1 1 1 1 3
3 9 1 9 9
9 9 9 9 9
9 6 9 9 9
9 6 6 6 6
1 1 1 1 9
9 9 9 9 9
9 9 9 1 1
9 6 6 9 9
9 9 4 6 6
1 1 0 9 9
9 9 9 9 9
9 9 1 1 1
9 9 6 9 9
9 4 4 4 6
1 1 9 9 9
9 9 9 9 9
9 9 9 4 9
9 9 9 9 9
9 4 4 4 4
1 9 9 9 9
9 9 9 9 9
6 0 0 4 4
9 9 9 9 9
9 4 4 4 4
9 9 9 9 9
0 0 0 0 6
0 0 0 4 4
4 9 9 9 9
9 9 4 4 4
9 9 4 4 4
0 0 0 0 1
0 0 0 0 0
9 9 9 9 9
9 9 4 4 4
9 4 4 4 4
4 0 0 0 1
1 0 0 0 0
9 9 9 9 9
9 9 9 9 9
4 4 4 4 4
4 0 0 0 1
1 1 0 0 0
9 9 9 9 9
9 9 9 9 9
