9 9 9 9 9
9 9 9 9 3
3 3 6 6 6
9 9 9 9 9
9 9 9 9 9
9 9 9 9 9
9 9 9 9 9
3 6 6 6 6
9 9 9 9 9
9 9 9 9 9
9 9 9 9 9
9 9 9 9 9
9 6 6 6 6
9 9 9 9 9
9 9 9 9 9
9 9 9 9 9
9 9 9 9 9
9 9 9 6 9
9 9 9 9 9
9 9 9 9 9
9 9 9 9 9
9 9 2 9 9
9 9 9 9 9
9 9 9 9 9
9 9 9 9 9
9 9 9 9 9
9 2 2 2 9
9 9 9 9 9
9 9 9 9 9
9 9 9 9 9
9 9 9 9 9
9 9 9 9 9
9 9 9 9 9
9 9 9 9 9
9 9 9 9 9
9 9 9 9 9
9 9 9 9 9
9 9 9 9 9
9 9 9 9 9
9 9 9 9 9
9 9 9 9 9
9 9 9 9 9
9 9 9 9 9
9 9 9 9 9
9 9 9 9 9
2 9 9 9 9
9 9 9 9 9
9 9 9 9 9
9 9 9 9 9
9 9 9 9 9
2 2 9 9 2
2 2 9 9 9
9 6 9 9 9
4 9 9 9 9
9 9 9 9 9
2 2 2 2 2
2 2 9 9 9
4 4 4 4 4
4 4 9 9 9
9 9 9 9 9
2 2 2 2 2
2 2 9 9 9
4 4 4 4 4
4 4 9 9 9
9 9 9 9 9
2 2 2 2 2
2 2 9 9 9
4 4 4 4 4
4 4 4 9 9
9 9 9 9 4
2 2 2 2 2
2 2 2 9 9
9 4 4 4 4
4 4 6 6 9
9 9 9 9 9
2 2 2 2 2
2 2 2 2 9
9 4 4 4 4
4 6 6 6 9
9 9 9 9 9
2 2 2 2 2
2 2 2 2 4
4 4 4 4 4
4 4 6 9 9
9 9 9 9 9
2 2 2 2 2
2 2 2 2 4
4 4 4 4 4
4 4 4 9 9
9 9 9 9 9
2 2 2 2 2
2 2 2 2 4
4 4 4 4 4
4 4 4 9 9
9 9 9 9 9
2 2 2 2 2
2 2 2 6 9
9 4 4 4 4
4 4 4 2 2
9 9 9 9 9
2 2 2 2 2
2 2 6 6 9
4 4 4 4 4
4 4 4 2 2
2 9 9 9 9
6 6 2 2 2
2 2 6 6 4
4 4 4 9 9
9 4 4 2 2
2 2 2 9 9
9 2 2 2 2
2 2 6 6 4
4 4 4 9 9
9 9 9 2 2
2 2 2 2 9
9 2 2 2 2
2 6 6 6 9
4 4 4 9 9
9 9 9 2 2
2 2 2 2 2
4 4 4 2 9
9 9 9 9 9
2 2 2 2 4
9 9 9 2 2
2 2 2 2 2
4 4 4 9 9
9 9 9 9 9
2 2 2 2 2
2 2 2 2 2
2 2 2 2 2
3 4 4 9 9
9 9 6 6 9
2 2 2 2 2
2 2 2 2 2
2 2 2 2 2
3 3 2 9 9
9 9 6 6 2
2 2 2 2 2
2 2 2 2 2
2 2 2 2 2
3 3 3 9 9
9 9 6 6 2
2 2 2 2 2
2 2 2 2 2
2 2 2 2 2
3 3 3 9 9
9 6 6 6 2
2 2 2 2 2
2 2 2 2 2
2 2 3 2 2
3 3 3 2 2
2 2 2 2 2
2 2 2 2 2
2 2 2 2 2
2 2 2 3 2
3 2 2 2 2
2 2 2 2 2
2 2 2 2 2
2 2 2 2 2
2 2 2 2 2
2 2 2 2 2
2 2 2 2 2
2 2 2 2 2
2 2 2 2 2
2 2 2 2 2
2 2 2 2 2
2 2 2 2 2
2 2 2 2 2
2 2 2 2 2
2 2 2 2 2
2 2 4 2 2
2 2 2 2 2
2 2 2 2 2
2 2 2 2 2
2 2 2 2 2
9 9 9 2 2
2 2 2 2 2
2 2 2 2 2
2 2 2 2 2
2 2 2 2 2
9 9 9 9 9
2 2 2 2 2
2 2 2 2 2
2 2 2 2 2
2 2 2 3 3
9 9 9 9 9
2 2 2 2 2
2 2 2 2 2
2 2 2 2 2
3 2 3 3 3
2 9 9 9 9
9 2 2 2 6
2 2 2 2 2
2 2 2 3 3
3 9 3 3 3
9 9 9 9 9
9 2 2 2 6
6 2 2 2 2
2 2 3 3 3
3 9 9 3 3
9 9 9 9 9
9 9 2 2 6
2 2 2 2 2
2 2 2 3 9
9 9 9 3 3
2 9 9 9 9
9 9 9 6 6
2 2 2 2 2
2 2 2 9 9
9 9 9 2 2
6 6 9 9 9
9 6 6 6 6
2 2 2 2 2
2 2 2 9 9
9 9 2 2 2
6 6 9 9 9
6 6 6 6 9
9 9 2 2 2
2 2 6 9 9
9 2 2 2 2
6 6 6 9 2
6 6 6 6 9
9 9 9 9 6
6 6 6 6 6
2 2 2 2 2
6 6 6 6 6
6 6 6 6 9
9 9 9 9 6
6 6 6 6 9
9 2 2 2 2
6 6 6 6 6
6 6 6 6 9
9 9 9 6 6
6 6 6 9 9
9 2 2 2 2
6 6 6 6 6
6 6 9 9 9
9 9 9 6 6
6 6 9 9 9
9 2 2 2 9
6 6 6 6 6
6 9 9 9 9
9 9 9 9 6
6 4 9 9 9
9 2 2 2 2
6 6 6 6 6
6 9 9 9 9
2 9 9 9 9
6 4 9 9 9
9 2 2 2 2
