9 9 9 0 9
9 3 3 3 9
9 9 3 3 3
1 1 1 1 9
9 9 9 9 9
0 9 0 0 0
0 3 9 9 9
9 9 3 3 1
1 1 1 9 9
9 9 9 9 9
0 0 0 0 0
0 0 9 9 9
9 9 3 1 1
1 1 1 1 1
9 9 9 9 9
0 0 0 0 0
0 9 9 9 9
9 0 1 1 1
1 1 1 1 1
9 9 9 9 9
0 0 0 0 0
9 9 9 9 9
3 3 1 1 1
1 1 1 1 1
9 9 9 9 9
0 0 0 0 9
9 9 9 9 3
3 3 1 1 1
1 1 1 9 9
9 9 9 9 9
0 0 0 0 9
9 9 9 9 9
9 3 1 1 1
1 1 1 9 9
9 9 9 9 9
0 0 0 0 1
9 9 9 9 9
9 9 1 1 1
1 1 1 9 9
9 3 9 9 9
1 1 1 1 1
9 9 9 9 9
9 9 9 9 9
3 3 9 9 9
9 3 3 9 9
1 1 1 1 1
9 9 9 9 9
9 9 9 9 9
3 3 3 9 9
3 3 3 3 9
1 1 1 1 9
9 9 9 9 9
9 9 9 9 9
3 3 3 3 9
3 3 3 3 0
1 1 1 0 0
9 9 9 9 9
9 9 9 9 3
3 3 3 3 0
0 3 0 0 0
1 1 0 0 0
0 0 0 9 9
9 1 1 3 3
3 3 3 0 0
0 0 0 0 0
8 8 8 8 8
0 0 0 9 9
8 8 8 3 3
3 3 3 0 0
0 0 0 0 0
8 8 8 8 8
8 0 8 8 8
8 8 8 8 3
3 3 3 0 0
0 0 0 0 0
8 8 8 8 8
8 8 8 8 8
8 8 8 8 8
8 3 3 0 0
0 0 0 0 0
8 8 8 8 8
8 8 8 8 8
8 8 8 8 8
8 8 0 0 9
0 0 0 0 0
8 8 8 8 8
8 8 8 8 8
8 8 8 8 8
8 8 8 9 9
9 9 9 0 0
8 8 8 8 8
8 8 8 8 8
8 8 8 8 8
8 8 9 9 9
9 9 9 3 3
8 8 8 8 8
8 8 8 8 8
8 8 8 8 8
8 8 9 9 9
1 1 3 3 3
8 8 8 8 8
8 8 8 8 8
8 8 8 8 8
8 9 9 9 9
1 1 3 3 3
8 8 8 8 8
8 8 8 8 9
9 8 8 8 8
9 9 9 9 9
1 1 1 3 3
8 8 8 8 8
8 8 8 9 9
9 9 8 8 9
9 9 9 9 9
9 1 1 3 3
8 8 8 8 0
8 8 8 8 9
9 9 9 9 9
9 9 9 9 9
9 1 1 3 3
8 8 0 0 0
1 8 8 9 9
9 9 9 9 9
9 9 9 9 9
9 3 3 3 3
3 8 0 0 0
9 9 9 9 9
9 9 9 9 9
9 9 9 9 9
9 3 3 3 3
3 0 0 0 0
9 9 9 9 9
9 9 9 9 9
9 9 9 9 9
9 3 3 3 9
0 0 0 0 0
8 8 9 9 9
9 9 0 0 9
9 9 9 0 0
0 0 0 9 0
0 0 0 0 8
8 8 8 9 9
9 9 8 0 9
9 9 9 9 0
0 0 0 9 0
0 0 0 0 8
8 8 8 8 8
8 8 8 9 0
9 9 9 0 0
0 0 0 3 0
0 0 0 0 8
8 8 8 8 8
8 8 8 9 9
9 9 9 0 0
0 0 0 3 9
0 0 0 0 8
8 8 8 8 8
8 8 8 9 3
3 0 0 0 0
0 0 0 9 9
0 0 0 8 8
8 8 8 8 8
8 8 3 3 3
3 0 0 0 0
0 0 0 9 9
0 0 0 9 9
9 9 3 8 8
3 3 3 3 3
3 0 0 0 0
0 0 9 9 9
0 0 0 9 3
3 9 1 9 0
8 3 3 3 3
3 0 0 0 0
0 0 0 9 9
0 9 9 3 3
3 3 3 3 9
8 8 3 3 3
3 3 0 0 0
0 0 0 0 0
9 9 9 9 3
3 3 3 3 3
3 3 3 3 3
3 0 0 0 0
0 0 0 0 0
9 9 9 9 3
3 3 3 3 3
3 3 3 3 3
0 0 0 0 0
0 0 0 0 0
9 9 9 9 3
3 3 3 3 3
3 3 3 3 3
9 0 0 0 0
0 0 0 0 9
9 9 9 3 3
3 3 3 3 3
3 3 3 3 9
9 0 0 0 0
0 0 9 9 9
9 9 9 3 3
3 8 8 8 8
3 8 8 8 8
8 0 0 0 0
0 0 0 9 9
9 9 9 8 3
9 8 8 8 8
8 8 8 8 8
8 8 8 0 0
0 0 0 0 0
9 9 8 8 9
9 9 9 8 8
8 8 8 8 8
8 8 8 8 0
0 0 0 0 0
9 8 8 8 8
9 9 9 9 8
8 8 8 8 8
8 8 8 8 8
0 0 0 0 0
9 8 8 8 8
8 9 9 9 9
8 8 8 8 8
8 8 8 8 8
8 0 0 9 9
9 9 9 8 8
8 0 0 9 9
9 0 0 8 8
8 8 8 8 8
8 9 9 9 9
9 9 9 8 8
0 0 0 0 9
0 0 0 8 8
8 8 8 8 8
8 9 9 9 9
9 9 9 9 9
0 0 0 0 0
0 0 0 8 8
8 8 8 8 8
8 8 9 9 9
9 9 9 9 9
0 0 0 0 0
0 0 0 8 8
8 8 8 8 8
8 8 8 8 8
9 9 9 9 9
0 0 0 0 0
0 0 0 8 8
8 8 8 1 8
8 8 8 8 8
