0 0 1 1 0
0 0 0 0 0
0 8 8 8 8
8 9 8 8 8
4 4 4 4 9
0 0 1 1 0
0 0 0 0 0
0 8 8 8 8
8 8 8 8 8
8 4 4 4 9
0 0 1 1 1
0 0 0 0 0
0 8 8 8 8
8 8 8 8 8
8 8 7 7 7
0 0 1 1 1
1 1 1 1 8
1 1 8 8 8
8 8 8 8 8
8 8 7 7 7
9 9 4 1 1
1 1 1 1 1
1 1 1 8 8
8 8 8 8 8
8 8 8 8 8
4 4 4 4 4
1 1 1 1 1
1 1 1 1 1
8 8 8 8 8
8 8 8 8 8
4 4 4 4 9
1 1 1 1 1
1 1 1 1 1
8 8 8 4 4
4 8 8 8 8
4 4 4 4 9
1 1 1 1 1
0 1 1 1 1
0 0 4 4 4
4 4 8 8 8
4 4 4 4 9
9 1 1 4 4
4 1 1 1 0
0 0 4 4 4
4 4 8 8 8
4 4 4 4 1
1 4 4 4 4
9 9 1 1 4
0 0 4 4 4
4 4 4 8 8
4 4 4 1 1
1 1 9 9 9
9 9 4 4 4
4 4 4 4 4
4 4 4 4 4
4 4 4 1 1
1 9 9 9 9
9 9 4 4 4
4 4 4 4 4
4 4 4 4 4
4 4 4 4 1
1 9 9 9 9
9 9 4 4 4
4 0 4 4 4
4 4 4 4 4
4 4 4 4 4
4 4 9 9 9
9 6 4 4 4
0 0 0 0 0
4 4 4 4 4
4 4 4 4 4
4 4 9 9 9
9 8 8 4 4
0 0 0 0 0
0 4 4 4 4
4 4 4 4 4
4 4 4 9 9
8 8 8 8 4
7 0 0 0 0
0 4 4 4 4
4 4 4 4 4
4 4 4 4 8
8 8 8 8 7
7 0 0 0 9
0 0 4 0 0
4 4 4 4 4
4 4 4 4 8
8 8 8 8 8
7 0 0 0 0
0 0 0 0 0
4 4 0 0 4
4 4 4 4 8
8 8 8 8 8
7 0 0 0 0
0 0 0 0 0
0 0 0 0 0
4 4 4 4 8
8 8 8 8 8
7 0 0 0 0
0 0 0 0 0
0 0 0 0 8
4 6 6 4 8
8 8 0 0 0
0 0 0 0 0
0 0 0 0 9
0 0 6 6 6
6 6 6 6 6
8 0 0 0 0
0 0 0 0 0
0 0 0 0 9
6 6 6 6 6
6 6 6 6 6
6 0 0 0 0
0 0 0 0 0
0 0 0 0 8
6 6 6 6 6
6 6 6 8 8
7 9 0 0 0
0 0 0 0 0
0 0 0 9 9
6 6 6 6 6
6 6 8 8 8
7 0 0 0 0
0 0 0 0 0
0 0 9 9 9
6 6 6 6 6
6 6 6 8 9
7 9 0 0 0
0 0 0 0 0
0 0 9 9 9
6 6 6 6 6
6 6 6 6 9
9 9 0 0 0
0 0 0 0 0
0 0 9 0 0
6 6 6 6 6
6 6 6 9 9
9 9 9 0 0
0 0 0 0 0
0 0 6 0 0
6 6 6 6 6
6 6 0 0 9
9 9 0 0 0
9 9 9 0 0
0 6 6 6 0
6 6 6 6 9
6 0 0 0 0
9 0 0 9 9
9 9 9 9 9
9 9 9 9 9
6 6 9 9 9
9 9 0 0 0
0 0 0 9 9
9 9 9 9 9
9 9 9 9 9
1 9 9 9 9
9 9 9 0 0
0 9 9 9 9
9 9 9 9 9
9 9 7 9 9
1 9 9 9 9
9 9 8 8 0
9 9 9 9 9
9 9 9 9 9
9 9 9 9 9
9 9 9 9 9
9 9 8 8 8
9 9 9 9 9
9 9 9 9 9
9 9 9 9 9
9 9 9 9 0
9 8 8 8 8
8 9 9 9 9
9 9 9 9 9
9 9 9 9 9
9 9 9 9 9
9 9 9 8 8
9 6 8 8 9
9 9 9 9 9
9 9 9 9 9
9 9 9 9 9
9 9 9 9 9
9 8 8 8 8
9 9 9 9 9
9 9 9 9 9
9 9 9 9 9
9 9 9 9 9
9 8 8 8 8
9 9 9 9 9
9 9 9 9 9
9 9 9 9 9
9 9 9 9 9
9 8 0 0 0
9 9 9 9 9
9 6 6 9 9
9 9 9 9 9
9 9 9 9 9
9 9 0 0 0
0 7 7 9 9
6 6 6 6 9
1 9 7 9 9
9 9 9 0 0
0 0 0 0 0
0 7 7 9 6
6 6 6 6 6
1 1 1 9 9
9 9 9 9 0
0 0 0 0 0
0 0 6 6 6
6 6 6 6 6
1 1 1 9 9
9 9 9 0 0
0 0 0 0 0
0 6 6 6 6
6 6 6 6 6
1 1 1 9 9
4 1 1 0 9
9 9 0 0 0
6 6 6 6 6
6 6 6 6 6
9 6 6 4 4
4 1 1 1 9
9 9 9 0 6
6 6 6 6 6
6 6 6 6 6
4 4 4 4 4
4 1 1 1 9
9 6 6 6 6
6 6 6 8 8
8 6 6 6 6
4 4 4 4 4
4 1 1 1 1
1 6 6 6 6
6 6 0 8 8
8 8 8 8 6
4 4 4 4 4
4 1 1 1 1
1 1 6 6 6
6 8 8 8 8
8 8 8 8 8
4 4 9 9 9
0 1 1 1 1
1 1 6 6 6
8 8 8 8 8
8 8 8 8 8
0 1 9 9 9
0 0 1 1 9
9 1 6 6 8
8 8 8 8 8
8 8 8 8 9
